he4+he4+he4-->c12 3 0 8 3 1 0 0 0.16666667 7.27500
-24.99350000 -4.29702000 -6.69304000 15.59030000 -1.57387000 0.17058800 -9.02800000
2 2 2 
2 2 2 
6 
6 
0 0 0 
1 
he4+he4+he4-->c12 3 1 8 3 1 0 0 0.16666667 7.27500
-49.49480000 0.32829000 -86.90160000 75.01510000 128.42700000 -215.28800000 -51.60260000
2 2 2 
2 2 2 
6 
6 
0 0 0 
1 
c12-->he4+he4+he4 3 2 3 1 3 0 0 1.00000000 -7.27500
-2.74994000 -84.09170000 -86.90160000 75.01510000 128.42700000 -215.28800000 -48.60260000
6 
6 
2 2 2 
2 2 2 
1 
0 0 0 
c12-->he4+he4+he4 3 3 3 1 3 0 0 1.00000000 -7.27500
21.75130000 -88.71700000 -6.69304000 15.59030000 -1.57387000 0.17058800 -6.02800000
6 
6 
2 2 2 
2 2 2 
1 
0 0 0 
he4+c12-->o16 2 0 4 2 1 0 0 1.00000000 7.16200
18.49770000 0.00482093 -33.25220000 3.33517000 -0.70171400 0.07819720 -2.80751000
2 6 
2 6 
8 
8 
0 1 
2 
he4+c12-->o16 2 1 4 2 1 0 0 1.00000000 7.16200
142.19100000 -89.16080000 2204.35000000 -2380.31000000 108.93100000 -5.31472000 1361.18000000
2 6 
2 6 
8 
8 
0 1 
2 
o16-->he4+c12 2 2 2 1 2 0 1 1.00000000 -7.16200
43.15870000 -83.10620000 -33.25220000 3.33517000 -0.70171400 0.07819720 -1.30751000
8 
8 
2 6 
2 6 
2 
0 1 
o16-->he4+c12 2 3 2 1 2 0 1 1.00000000 -7.16200
166.85200000 -172.27200000 2204.35000000 -2380.31000000 108.93100000 -5.31472000 1362.68000000
8 
8 
2 6 
2 6 
2 
0 1 
c12+c12-->he4+ne20 4 0 5 2 2 0 0 0.50000000 4.62100
61.28630000 0.00000000 -84.16500000 -1.56627000 -0.07360840 -0.07279700 -0.66666700
6 6 
6 6 
2 10 
2 10 
1 1 
0 3 
he4+ne20-->c12+c12 4 1 5 2 2 0 1 1.00000000 -4.62100
61.47480000 -53.62440000 -84.16500000 -1.56627000 -0.07360840 -0.07279700 -0.66666700
2 10 
2 10 
6 6 
6 6 
0 3 
1 1 
he4+o16-->ne20 2 0 4 2 1 0 0 1.00000000 4.73400
39.03400000 -0.03586000 -34.34570000 -25.19390000 4.79855000 -1.46444000 6.34333000
2 8 
2 8 
10 
10 
0 2 
3 
he4+o16-->ne20 2 1 4 2 1 0 0 1.00000000 4.73400
84.55220000 -17.82140000 293.66400000 -384.97400000 20.23800000 -1.00379000 199.69300000
2 8 
2 8 
10 
10 
0 2 
3 
ne20-->he4+o16 2 2 2 1 2 0 1 1.00000000 -4.73400
63.79150000 -54.97290000 -34.34570000 -25.19390000 4.79855000 -1.46444000 7.84333000
10 
10 
2 8 
2 8 
3 
0 2 
ne20-->he4+o16 2 3 2 1 2 0 1 1.00000000 -4.73400
109.31000000 -72.75840000 293.66400000 -384.97400000 20.23800000 -1.00379000 201.19300000
10 
10 
2 8 
2 8 
3 
0 2 
c12+o16-->he4+mg24 4 0 5 2 2 0 0 1.00000000 6.77100
48.53410000 0.37204000 -133.41300000 50.15720000 -3.15987000 0.01782510 -23.70270000
6 8 
6 8 
2 12 
2 12 
1 2 
0 4 
he4+mg24-->c12+o16 4 1 5 2 2 0 1 1.00000000 -6.77100
49.57380000 -78.20200000 -133.41300000 50.15720000 -3.15987000 0.01782510 -23.70270000
2 12 
2 12 
6 8 
6 8 
0 4 
1 2 
o16+o16-->he4+si28 4 0 5 2 2 0 0 0.50000000 9.59300
97.24350000 -0.26851400 -119.32400000 -32.24970000 1.46214000 -0.20089300 13.21480000
8 8 
8 8 
2 14 
2 14 
2 2 
0 5 
he4+si28-->o16+o16 4 1 5 2 2 0 1 1.00000000 -9.59300
97.79040000 -111.59000000 -119.32400000 -32.24970000 1.46214000 -0.20089300 13.21480000
2 14 
2 14 
8 8 
8 8 
0 5 
2 2 
he4+ne20-->mg24 2 0 4 2 1 0 0 1.00000000 9.31200
32.15880000 -0.01514940 -44.64100000 -8.33867000 2.41631000 -0.77805600 1.93576000
2 10 
2 10 
12 
12 
0 3 
4 
he4+ne20-->mg24 2 1 4 2 1 0 0 1.00000000 9.31200
-291.64100000 -12.09660000 -63.37250000 394.64300000 -36.24320000 2.64060000 -121.21900000
2 10 
2 10 
12 
12 
0 3 
4 
mg24-->he4+ne20 2 2 2 1 2 0 1 1.00000000 -9.31200
56.97810000 -108.07400000 -44.64100000 -8.33867000 2.41631000 -0.77805600 3.43576000
12 
12 
2 10 
2 10 
4 
0 3 
mg24-->he4+ne20 2 3 2 1 2 0 1 1.00000000 -9.31200
-266.82200000 -120.15600000 -63.37250000 394.64300000 -36.24320000 2.64060000 -119.71900000
12 
12 
2 10 
2 10 
4 
0 3 
c12+ne20-->he4+si28 4 0 5 2 2 0 0 1.00000000 12.02110
-308.90500000 -47.21750000 514.19700000 -200.89600000 -6.42713000 0.75825600 236.35900000
6 10 
6 10 
2 14 
2 14 
1 3 
0 5 
he4+si28-->c12+ne20 4 1 5 2 2 0 1 1.00000000 -12.02110
-307.76200000 -186.72200000 514.19700000 -200.89600000 -6.42713000 0.75825600 236.35900000
2 14 
2 14 
6 10 
6 10 
0 5 
1 3 
he4+mg24-->si28 2 0 4 2 1 0 0 1.00000000 9.98400
497.16200000 -6.39560000 434.66700000 -994.28800000 65.63080000 -4.12503000 425.44600000
2 12 
2 12 
14 
14 
0 4 
5 
he4+mg24-->si28 2 1 4 2 1 0 0 1.00000000 9.98400
-9.10364000 -13.69790000 -51.64280000 68.46250000 -3.86512000 0.20802800 -33.57270000
2 12 
2 12 
14 
14 
0 4 
5 
si28-->he4+mg24 2 2 2 1 2 0 1 1.00000000 -9.98400
522.02400000 -122.25800000 434.66700000 -994.28800000 65.63080000 -4.12503000 426.94600000
14 
14 
2 12 
2 12 
5 
0 4 
si28-->he4+mg24 2 3 2 1 2 0 1 1.00000000 -9.98400
15.75800000 -129.56000000 -51.64280000 68.46250000 -3.86512000 0.20802800 -32.07270000
14 
14 
2 12 
2 12 
5 
0 4 
he4+si28-->s32 2 0 4 2 1 0 0 1.00000000 6.94800
97.10066000 -3.32444600 53.58524000 -165.68300000 7.19999700 -0.28284430 79.33873000
2 14 
2 14 
16 
16 
0 5 
6 
s32-->he4+si28 2 1 2 1 2 0 1 1.00000000 -6.94800
121.99240000 -83.95251000 53.58524000 -165.68300000 7.19999700 -0.28284430 80.83873000
16 
16 
2 14 
2 14 
6 
0 5 
he4+s32-->ar36 2 0 4 2 1 0 0 1.00000000 6.63900
-191.70050000 0.67979070 -338.47370000 550.16090000 -38.81261000 2.53000300 -243.23840000
2 16 
2 16 
18 
18 
0 6 
7 
ar36-->he4+s32 2 1 2 1 2 0 1 1.00000000 -6.63900
-166.78510000 -76.36248000 -338.47370000 550.16090000 -38.81261000 2.53000300 -241.73840000
18 
18 
2 16 
2 16 
7 
0 6 
he4+ar36-->ca40 2 0 4 2 1 0 0 1.00000000 7.04000
-129.01400000 0.32520040 -332.27800000 468.77030000 -29.13671000 1.76598900 -222.45390000
2 18 
2 18 
20 
20 
0 7 
8 
ca40-->he4+ar36 2 1 2 1 2 0 1 1.00000000 -7.04000
-104.08000000 -81.37048000 -332.27800000 468.77030000 -29.13671000 1.76598900 -220.95390000
20 
20 
2 18 
2 18 
8 
0 7 
he4+ca40-->ti44 2 0 4 2 1 0 0 1.00000000 5.12700
-748.05560000 12.35853000 -1360.08200000 2199.10600000 -133.08030000 7.73455600 -1034.03600000
2 20 
2 20 
22 
22 
0 8 
9 
ti44-->he4+ca40 2 1 2 1 2 0 1 1.00000000 -5.12700
-723.10650000 -47.13774000 -1360.08200000 2199.10600000 -133.08030000 7.73455600 -1032.53600000
22 
22 
2 20 
2 20 
9 
0 8 
he4+ti44-->cr48 2 0 4 2 1 0 0 1.00000000 7.69200
-913.08370000 15.94906000 -1694.96000000 2711.84300000 -157.53530000 8.85642500 -1292.62000000
2 22 
2 22 
24 
24 
0 9 
10 
cr48-->he4+ti44 2 1 2 1 2 0 1 1.00000000 -7.69200
-888.12220000 -73.31275000 -1694.96000000 2711.84300000 -157.53530000 8.85642500 -1291.12000000
24 
24 
2 22 
2 22 
10 
0 9 
he4+cr48-->fe52 2 0 4 2 1 0 0 1.00000000 7.93900
-929.10310000 20.57299000 -2039.67800000 3077.99800000 -171.57070000 9.38827100 -1509.29900000
2 24 
2 24 
26 
26 
0 10 
11 
fe52-->he4+cr48 2 1 2 1 2 0 1 1.00000000 -7.93900
-904.13110000 -71.55514000 -2039.67800000 3077.99800000 -171.57070000 9.38827100 -1507.79900000
26 
26 
2 24 
2 24 
11 
0 10 
he4+fe52-->ni56 2 0 4 2 1 0 0 1.00000000 7.99500
-1051.63300000 22.55988000 -2240.77600000 3416.33100000 -192.54350000 10.63188000 -1666.42700000
2 26 
2 26 
28 
28 
0 11 
12 
ni56-->he4+fe52 2 1 2 1 2 0 1 1.00000000 -7.99500
-1026.65200000 -70.21810000 -2240.77600000 3416.33100000 -192.54350000 10.63188000 -1664.92700000
28 
28 
2 26 
2 26 
12 
0 11 
he4+ni56-->zn60 2 0 4 2 1 0 0 1.00000000 2.70800
-1043.41000000 22.80261000 -2281.02700000 3453.87200000 -196.91940000 11.01885000 -1685.65700000
2 28 
2 28 
30 
30 
0 12 
13 
zn60-->he4+ni56 2 1 2 1 2 0 1 1.00000000 -2.70800
-1018.42100000 -8.62237800 -2281.02700000 3453.87200000 -196.91940000 11.01885000 -1684.15700000
30 
30 
2 28 
2 28 
13 
0 12 
he4+zn60-->ge64 2 0 4 2 1 0 0 1.00000000 2.66700
-876.44450000 24.33508000 -2362.56600000 3352.36300000 -183.32180000 10.00416000 -1686.78000000
2 30 
2 30 
32 
32 
0 13 
14 
ge64-->he4+zn60 2 1 2 1 2 0 1 1.00000000 -2.66700
-851.44930000 -6.61412500 -2362.56600000 3352.36300000 -183.32180000 10.00416000 -1685.28000000
32 
32 
2 30 
2 30 
14 
0 13 
he4+ge64-->se68 2 0 4 2 1 0 0 1.00000000 2.94200
-911.69630000 26.32198000 -2543.55000000 3570.93500000 -190.34910000 10.11438000 -1810.21700000
2 32 
2 32 
34 
34 
0 14 
15 
se68-->he4+ge64 2 1 2 1 2 0 1 1.00000000 -2.94200
-886.69510000 -7.81846100 -2543.55000000 3570.93500000 -190.34910000 10.11438000 -1808.71700000
34 
34 
2 32 
2 32 
15 
0 14 
