-1.999408e+01 -2.186273e+01 -2.100000e+01 -2.000000e+00 -1.330587e+01 -1.239143e+01 -inf -inf -inf -inf -1.169343e+01 -3.010995e-01 -3.010300e-01 -1.101327e+01 -1.232528e+01 -1.401578e+01 -inf -inf -inf -inf  -inf -inf -inf -inf
-1.976979e+01 -2.108485e+01 -2.079134e+01 -2.000000e+00 -1.159863e+01 -1.068418e+01 -2.288653e+01 -3.203217e+01 -2.009720e+01 -3.299439e+01 -9.986181e+00 -3.010995e-01 -3.010300e-01 -9.306018e+00 -1.061804e+01 -1.230853e+01 -3.165569e+01 -5.235400e+01 -6.775891e+01 -8.931977e+01  -1.110415e+02 -1.337173e+02 -1.572623e+02 -1.382912e+02
-1.955481e+01 -2.071879e+01 -2.058565e+01 -2.000000e+00 -1.119094e+01 -1.027650e+01 -2.206572e+01 -3.079838e+01 -1.927658e+01 -3.175922e+01 -9.578500e+00 -3.010995e-01 -3.010300e-01 -8.898336e+00 -1.021035e+01 -1.190085e+01 -3.042464e+01 -5.029092e+01 -6.485383e+01 -8.556108e+01  -1.064156e+02 -1.282082e+02 -1.508510e+02 -1.327821e+02
-1.931234e+01 -2.039849e+01 -2.034950e+01 -2.000000e+00 -1.085527e+01 -9.940822e+00 -2.139220e+01 -2.978766e+01 -1.860342e+01 -3.074803e+01 -9.242822e+00 -3.010995e-01 -3.010300e-01 -8.562659e+00 -9.874677e+00 -1.156517e+01 -2.941485e+01 -4.860411e+01 -6.248670e+01 -8.250987e+01  -1.026760e+02 -1.237753e+02 -1.457193e+02 -1.283492e+02
-1.911679e+01 -2.016970e+01 -2.015705e+01 -2.000000e+00 -1.062085e+01 -9.706400e+00 -2.092224e+01 -2.908308e+01 -1.813393e+01 -3.004328e+01 -9.008400e+00 -3.010995e-01 -3.010300e-01 -8.328237e+00 -9.640255e+00 -1.133075e+01 -2.871061e+01 -4.742900e+01 -6.083957e+01 -8.038940e+01  -1.000807e+02 -1.207035e+02 -1.421690e+02 -1.252774e+02
-1.886624e+01 -1.989516e+01 -1.990890e+01 -2.000000e+00 -1.034253e+01 -9.428089e+00 -2.036418e+01 -2.824728e+01 -1.757689e+01 -2.920737e+01 -8.730089e+00 -3.010995e-01 -3.010300e-01 -8.049926e+00 -9.361944e+00 -1.105244e+01 -2.787502e+01 -4.603546e+01 -5.888732e+01 -7.787757e+01  -9.700831e+01 -1.170695e+02 -1.379721e+02 -1.216434e+02
-1.864906e+01 -1.966637e+01 -1.969294e+01 -2.000000e+00 -1.011201e+01 -9.197563e+00 -1.990144e+01 -2.755530e+01 -1.711564e+01 -2.851535e+01 -8.499564e+00 -3.010995e-01 -3.010300e-01 -7.819400e+00 -9.131418e+00 -1.082191e+01 -2.718315e+01 -4.488192e+01 -5.727178e+01 -7.579963e+01  -9.446752e+01 -1.140653e+02 -1.345041e+02 -1.186392e+02
-1.842728e+01 -1.943758e+01 -1.947190e+01 -2.000000e+00 -9.882199e+00 -8.967753e+00 -1.943918e+01 -2.686564e+01 -1.665591e+01 -2.782565e+01 -8.269753e+00 -3.010995e-01 -3.010300e-01 -7.589590e+00 -8.901608e+00 -1.059210e+01 -2.649354e+01 -4.373233e+01 -5.566201e+01 -7.372945e+01  -9.193667e+01 -1.110735e+02 -1.310510e+02 -1.156474e+02
-1.820268e+01 -1.920879e+01 -1.924776e+01 -2.000000e+00 -9.652808e+00 -8.738362e+00 -1.897609e+01 -2.617733e+01 -1.619706e+01 -2.713732e+01 -8.040363e+00 -3.010996e-01 -3.010300e-01 -7.360199e+00 -8.672217e+00 -1.036271e+01 -2.580527e+01 -4.258505e+01 -5.405564e+01 -7.166383e+01  -8.941165e+01 -1.080889e+02 -1.276066e+02 -1.126628e+02
-1.797639e+01 -1.898001e+01 -1.902174e+01 -2.000000e+00 -9.423666e+00 -8.509219e+00 -1.851067e+01 -2.548981e+01 -1.573873e+01 -2.644979e+01 -7.811220e+00 -3.010996e-01 -3.010300e-01 -7.131056e+00 -8.443074e+00 -1.013357e+01 -2.511778e+01 -4.143912e+01 -5.245126e+01 -6.960089e+01  -8.689006e+01 -1.051086e+02 -1.241674e+02 -1.096825e+02
-1.779460e+01 -1.879698e+01 -1.884009e+01 -2.000000e+00 -9.240460e+00 -8.326013e+00 -1.813533e+01 -2.494014e+01 -1.537231e+01 -2.590012e+01 -7.628014e+00 -3.010997e-01 -3.010300e-01 -6.947850e+00 -8.259868e+00 -9.950361e+00 -2.456813e+01 -4.052296e+01 -5.116862e+01 -6.795171e+01  -8.487429e+01 -1.027262e+02 -1.214183e+02 -1.073001e+02
-1.756678e+01 -1.856819e+01 -1.861238e+01 -2.000000e+00 -9.011536e+00 -8.097088e+00 -1.766003e+01 -2.425332e+01 -1.491445e+01 -2.521329e+01 -7.399089e+00 -3.010999e-01 -3.010300e-01 -6.718925e+00 -8.030943e+00 -9.721436e+00 -2.388133e+01 -3.937819e+01 -4.956600e+01 -6.589113e+01  -8.235572e+01 -9.974959e+01 -1.179837e+02 -1.043235e+02
-1.733857e+01 -1.833940e+01 -1.838424e+01 -2.000000e+00 -8.782669e+00 -7.868220e+00 -1.717427e+01 -2.356667e+01 -1.445671e+01 -2.452664e+01 -7.170220e+00 -3.011001e-01 -3.010300e-01 -6.490056e+00 -7.802075e+00 -9.492567e+00 -2.319471e+01 -3.823369e+01 -4.796384e+01 -6.383116e+01  -7.983794e+01 -9.677396e+01 -1.145502e+02 -1.013479e+02
-1.711012e+01 -1.811061e+01 -1.815583e+01 -2.000000e+00 -8.553837e+00 -7.639385e+00 -1.667293e+01 -2.288011e+01 -1.399905e+01 -2.384007e+01 -6.941385e+00 -3.011006e-01 -3.010300e-01 -6.261221e+00 -7.573239e+00 -9.263732e+00 -2.250820e+01 -3.708928e+01 -4.636194e+01 -6.177156e+01  -7.732061e+01 -9.379890e+01 -1.111174e+02 -9.837280e+01
-1.688154e+01 -1.788183e+01 -1.792726e+01 -2.000000e+00 -8.325026e+00 -7.410569e+00 -1.615009e+01 -2.219359e+01 -1.354144e+01 -2.315353e+01 -6.712569e+00 -3.011013e-01 -3.010301e-01 -6.032406e+00 -7.344424e+00 -9.034916e+00 -2.182175e+01 -3.594484e+01 -4.476020e+01 -5.971216e+01  -7.480356e+01 -9.082418e+01 -1.076850e+02 -9.539808e+01
-1.669861e+01 -1.769880e+01 -1.774434e+01 -2.000000e+00 -8.141989e+00 -7.227526e+00 -1.571269e+01 -2.164436e+01 -1.317538e+01 -2.260429e+01 -6.529526e+00 -3.011023e-01 -3.010301e-01 -5.849363e+00 -7.161380e+00 -8.851872e+00 -2.127261e+01 -3.502916e+01 -4.347887e+01 -5.806474e+01  -7.279004e+01 -8.844455e+01 -1.049392e+02 -9.301845e+01
-1.646990e+01 -1.747001e+01 -1.751564e+01 -2.000000e+00 -7.913204e+00 -6.998729e+00 -1.513937e+01 -2.095778e+01 -1.271786e+01 -2.191767e+01 -6.300728e+00 -3.011043e-01 -3.010302e-01 -5.620567e+00 -6.932583e+00 -8.623073e+00 -2.058622e+01 -3.388426e+01 -4.187728e+01 -5.600554e+01  -7.027322e+01 -8.547013e+01 -1.015072e+02 -9.004403e+01
-1.624115e+01 -1.724122e+01 -1.728690e+01 -2.000000e+00 -7.684432e+00 -6.769938e+00 -1.453686e+01 -2.027108e+01 -1.226038e+01 -2.123092e+01 -6.071936e+00 -3.011076e-01 -3.010304e-01 -5.391776e+00 -6.703791e+00 -8.394279e+00 -1.989984e+01 -3.273877e+01 -4.027571e+01 -5.394639e+01  -6.775648e+01 -8.249579e+01 -9.807524e+01 -8.706968e+01
-1.601239e+01 -1.701243e+01 -1.705815e+01 -2.000000e+00 -7.455679e+00 -6.541152e+00 -1.390888e+01 -1.958417e+01 -1.180300e+01 -2.054390e+01 -5.843147e+00 -3.011132e-01 -3.010306e-01 -5.162990e+00 -6.475002e+00 -8.165486e+00 -1.921346e+01 -3.159223e+01 -3.867418e+01 -5.188726e+01  -6.523977e+01 -7.952149e+01 -9.464336e+01 -8.409537e+01
-1.578362e+01 -1.678365e+01 -1.682938e+01 -2.000000e+00 -7.226955e+00 -6.312370e+00 -1.326112e+01 -1.889690e+01 -1.134575e+01 -1.985640e+01 -5.614361e+00 -3.011227e-01 -3.010311e-01 -4.934210e+00 -6.246217e+00 -7.936695e+00 -1.852710e+01 -3.044392e+01 -3.707265e+01 -4.982816e+01  -6.272309e+01 -7.654723e+01 -9.121152e+01 -8.112108e+01
-1.555484e+01 -1.655486e+01 -1.660060e+01 -2.000000e+00 -6.998276e+00 -6.083594e+00 -1.259932e+01 -1.820901e+01 -1.088874e+01 -1.916803e+01 -5.385579e+00 -3.011388e-01 -3.010318e-01 -4.705437e+00 -6.017436e+00 -7.707904e+00 -1.784074e+01 -2.929261e+01 -3.547114e+01 -4.776908e+01  -6.020643e+01 -7.357300e+01 -8.777970e+01 -7.814674e+01
-1.537182e+01 -1.637183e+01 -1.641758e+01 -2.000000e+00 -6.815387e+00 -5.900580e+00 -1.206301e+01 -1.765796e+01 -1.052340e+01 -1.861620e+01 -5.202557e+00 -3.011594e-01 -3.010327e-01 -4.522426e+00 -5.834416e+00 -7.524869e+00 -1.729166e+01 -2.836806e+01 -3.418995e+01 -4.612182e+01  -5.819312e+01 -7.119362e+01 -8.503427e+01 -7.576715e+01
-1.514304e+01 -1.614304e+01 -1.618879e+01 -2.000000e+00 -6.586884e+00 -5.671827e+00 -1.138704e+01 -1.696765e+01 -1.006728e+01 -1.792371e+01 -4.973787e+00 -3.012010e-01 -3.010346e-01 -4.293678e+00 -5.605649e+00 -7.296074e+00 -1.660531e+01 -2.720528e+01 -3.258846e+01 -4.406277e+01  -5.567650e+01 -6.821944e+01 -8.160249e+01 -7.279228e+01
-1.491425e+01 -1.591425e+01 -1.596001e+01 -2.000000e+00 -6.358582e+00 -5.443097e+00 -1.070718e+01 -1.627460e+01 -9.612159e+00 -1.722525e+01 -4.745030e+00 -3.012714e-01 -3.010378e-01 -4.064958e+00 -5.376896e+00 -7.067274e+00 -1.591898e+01 -2.602982e+01 -3.098701e+01 -4.200376e+01  -5.315993e+01 -6.524529e+01 -7.817073e+01 -6.981615e+01
-1.468546e+01 -1.568547e+01 -1.573122e+01 -2.000000e+00 -6.130622e+00 -5.214407e+00 -1.002513e+01 -1.557689e+01 -9.158722e+00 -1.651396e+01 -4.516292e+00 -3.013906e-01 -3.010433e-01 -3.836286e+00 -5.148167e+00 -6.838466e+00 -1.523267e+01 -2.483372e+01 -2.938559e+01 -3.994479e+01  -5.064342e+01 -6.227119e+01 -7.473894e+01 -6.683643e+01
-1.445668e+01 -1.545668e+01 -1.550244e+01 -2.000000e+00 -5.903252e+00 -4.985784e+00 -9.342065e+00 -1.487130e+01 -8.708095e+00 -1.577526e+01 -4.287589e+00 -3.015925e-01 -3.010525e-01 -3.607691e+00 -4.919480e+00 -6.609643e+00 -1.454638e+01 -2.360531e+01 -2.778424e+01 -3.788592e+01  -4.812701e+01 -5.929715e+01 -7.130695e+01 -6.384667e+01
-1.427365e+01 -1.527365e+01 -1.531941e+01 -2.000000e+00 -5.722066e+00 -4.802964e+00 -8.795513e+00 -1.429763e+01 -8.350819e+00 -1.514727e+01 -4.104665e+00 -3.018507e-01 -3.010644e-01 -3.424907e+00 -4.736577e+00 -6.426566e+00 -1.399736e+01 -2.258947e+01 -2.650324e+01 -3.623891e+01  -4.611401e+01 -5.691793e+01 -6.856090e+01 -6.143720e+01
-1.404486e+01 -1.504486e+01 -1.509062e+01 -2.000000e+00 -5.497097e+00 -4.574594e+00 -8.112992e+00 -1.356218e+01 -7.910586e+00 -1.428926e+01 -3.876084e+00 -3.023711e-01 -3.010886e-01 -3.196607e+00 -4.508048e+00 -6.197681e+00 -1.331109e+01 -2.126624e+01 -2.490213e+01 -3.418036e+01  -4.359801e+01 -5.394376e+01 -6.512656e+01 -5.837659e+01
-1.381607e+01 -1.481607e+01 -1.486183e+01 -2.000000e+00 -5.275078e+00 -4.346502e+00 -7.432373e+00 -1.279531e+01 -7.481259e+00 -1.333644e+01 -3.647626e+00 -3.032512e-01 -3.011300e-01 -2.968626e+00 -4.279696e+00 -5.968717e+00 -1.262467e+01 -1.987647e+01 -2.330130e+01 -3.212214e+01  -4.108245e+01 -5.096881e+01 -6.168660e+01 -5.522142e+01
-1.358729e+01 -1.458729e+01 -1.463304e+01 -2.000000e+00 -5.058598e+00 -4.118860e+00 -6.755664e+00 -1.198313e+01 -7.068393e+00 -1.230829e+01 -3.419343e+00 -3.047384e-01 -3.012013e-01 -2.741146e+00 -4.051643e+00 -5.739599e+00 -1.193763e+01 -1.842354e+01 -2.170089e+01 -3.006445e+01  -3.856759e+01 -4.799102e+01 -5.823081e+01 -5.195194e+01
-1.335850e+01 -1.435850e+01 -1.440426e+01 -2.000000e+00 -4.852973e+00 -3.891940e+00 -6.086644e+00 -1.111641e+01 -6.678059e+00 -1.124334e+01 -3.191271e+00 -3.072477e-01 -3.013257e-01 -2.514413e+00 -3.824092e+00 -5.510163e+00 -1.124846e+01 -1.692030e+01 -2.010113e+01 -2.800750e+01  -3.605383e+01 -4.500439e+01 -5.473510e+01 -4.859638e+01
-1.317547e+01 -1.417547e+01 -1.422123e+01 -2.000000e+00 -4.703488e+00 -3.711221e+00 -5.561877e+00 -1.038785e+01 -6.384179e+00 -1.038959e+01 -3.008950e+00 -3.104421e-01 -3.014903e-01 -2.333739e+00 -3.642630e+00 -5.326142e+00 -1.069264e+01 -1.569196e+01 -1.882194e+01 -2.636260e+01  -3.404392e+01 -4.259876e+01 -5.188246e+01 -4.587841e+01
-1.294668e+01 -1.394668e+01 -1.399244e+01 -2.000000e+00 -4.553038e+00 -3.487146e+00 -4.931083e+00 -9.459284e+00 -6.035047e+00 -9.349106e+00 -2.781122e+00 -3.168244e-01 -3.018357e-01 -2.108881e+00 -3.416946e+00 -5.094810e+00 -9.980694e+00 -1.413565e+01 -1.722391e+01 -2.430708e+01  -3.153314e+01 -3.954552e+01 -4.821640e+01 -4.246104e+01
-1.271789e+01 -1.371789e+01 -1.376365e+01 -2.000000e+00 -4.474138e+00 -3.267757e+00 -4.352761e+00 -8.566519e+00 -5.691307e+00 -8.374183e+00 -2.553363e+00 -3.274504e-01 -3.024367e-01 -1.884770e+00 -3.193208e+00 -4.860104e+00 -9.204523e+00 -1.256504e+01 -1.562689e+01 -2.225081e+01  -2.902314e+01 -3.640181e+01 -4.444468e+01 -3.903055e+01
-1.249305e+01 -1.368166e+01 -1.352213e+01 -2.000000e+00 -4.482916e+00 -3.065466e+00 -3.866081e+00 -7.789999e+00 -5.347579e+00 -7.493083e+00 -2.329890e+00 -3.444937e-01 -3.033961e-01 -1.663681e+00 -2.976310e+00 -4.620702e+00 -8.185509e+00 -1.092217e+01 -1.396549e+01 -2.006668e+01  -2.631267e+01 -3.278540e+01 -4.009616e+01 -3.518845e+01
-1.229937e+01 -1.390619e+01 -1.331024e+01 -2.000000e+00 -4.505462e+00 -2.913410e+00 -3.526906e+00 -7.281191e+00 -5.054691e+00 -6.826336e+00 -2.137214e+00 -3.670826e-01 -3.045800e-01 -1.469879e+00 -2.792561e+00 -4.397967e+00 -6.999306e+00 -9.495088e+00 -1.252749e+01 -1.816113e+01  -2.392448e+01 -2.955035e+01 -3.625533e+01 -3.180037e+01
-1.207072e+01 -1.374182e+01 -1.308008e+01 -2.000000e+00 -4.478366e+00 -2.769940e+00 -3.191793e+00 -6.872948e+00 -4.727872e+00 -6.145152e+00 -1.912571e+00 -4.075208e-01 -3.064327e-01 -1.239636e+00 -2.579997e+00 -4.084098e+00 -5.494151e+00 -7.862572e+00 -1.088235e+01 -1.597968e+01  -2.107193e+01 -2.598577e+01 -3.208367e+01 -2.794534e+01
-1.185597e+01 -1.376362e+01 -1.286137e+01 -2.000000e+00 -4.359978e+00 -2.658705e+00 -2.889541e+00 -6.561743e+00 -4.446138e+00 -5.593704e+00 -1.719848e+00 -4.641145e-01 -3.085428e-01 -1.045123e+00 -2.384998e+00 -3.648365e+00 -4.164586e+00 -6.391833e+00 -9.383767e+00 -1.391462e+01  -1.819783e+01 -2.280973e+01 -2.831985e+01 -2.417247e+01
-1.163926e+01 -1.432881e+01 -1.264015e+01 -2.000000e+00 -4.143457e+00 -2.539037e+00 -2.557938e+00 -6.176520e+00 -4.185729e+00 -5.102877e+00 -1.556325e+00 -5.443770e-01 -3.105330e-01 -9.103683e-01 -2.190160e+00 -3.025620e+00 -3.042192e+00 -5.064997e+00 -7.976547e+00 -1.170879e+01  -1.543695e+01 -1.990237e+01 -2.471050e+01 -2.040095e+01
-1.141995e+01 -1.405378e+01 -1.242096e+01 -2.000000e+00 -3.924361e+00 -2.414052e+00 -2.305777e+00 -5.844951e+00 -3.974445e+00 -4.760234e+00 -1.402834e+00 -6.520470e-01 -3.104864e-01 -8.676697e-01 -1.990731e+00 -2.405489e+00 -2.201313e+00 -3.984304e+00 -6.647326e+00 -9.554791e+00  -1.300132e+01 -1.711633e+01 -2.114192e+01 -1.679819e+01
-1.119912e+01 -1.381447e+01 -1.220017e+01 -2.000000e+00 -3.700678e+00 -2.297162e+00 -2.226348e+00 -5.690337e+00 -3.899945e+00 -4.679356e+00 -1.226777e+00 -7.861342e-01 -3.058585e-01 -9.555180e-01 -1.798506e+00 -1.914744e+00 -1.657038e+00 -3.244726e+00 -5.328589e+00 -7.803875e+00  -1.089330e+01 -1.435446e+01 -1.762346e+01 -1.334759e+01
-1.097988e+01 -1.402243e+01 -1.198027e+01 -2.000000e+00 -3.512845e+00 -2.182952e+00 -2.471705e+00 -5.778015e+00 -4.083057e+00 -4.927630e+00 -1.060659e+00 -9.380867e-01 -3.019266e-01 -1.266910e+00 -1.650786e+00 -1.511776e+00 -1.386035e+00 -2.850152e+00 -4.266289e+00 -6.567281e+00  -9.088692e+00 -1.179958e+01 -1.427881e+01 -1.010017e+01
-1.075999e+01 -1.402243e+01 -1.176023e+01 -2.000000e+00 -3.460323e+00 -2.105149e+00 -3.060204e+00 -6.047469e+00 -4.469256e+00 -5.426426e+00 -9.640527e-01 -1.096228e+00 -3.136363e-01 -1.825432e+00 -1.594180e+00 -1.170827e+00 -1.341679e+00 -2.565630e+00 -3.633879e+00 -5.745992e+00  -7.595630e+00 -9.600832e+00 -1.129347e+01 -7.402854e+00
-1.053976e+01 -1.379364e+01 -1.154000e+01 -2.000000e+00 -3.505816e+00 -2.081441e+00 -3.552510e+00 -6.311335e+00 -4.693529e+00 -5.798206e+00 -9.150757e-01 -1.245126e+00 -3.441443e-01 -2.248272e+00 -1.618282e+00 -9.409241e-01 -1.367502e+00 -2.354501e+00 -3.254608e+00 -5.285522e+00  -6.651888e+00 -8.053805e+00 -9.069263e+00 -5.580947e+00
-1.031999e+01 -1.361061e+01 -1.132021e+01 -2.000000e+00 -3.579700e+00 -2.066972e+00 -3.840708e+00 -6.584858e+00 -4.786310e+00 -6.015564e+00 -8.865837e-01 -1.369457e+00 -3.920827e-01 -2.462134e+00 -1.697550e+00 -8.045376e-01 -1.316723e+00 -2.200578e+00 -2.954997e+00 -4.955287e+00  -6.078200e+00 -7.051092e+00 -7.550418e+00 -4.458644e+00
-1.009994e+01 -1.356485e+01 -1.110009e+01 -2.000000e+00 -3.664335e+00 -2.042792e+00 -4.056210e+00 -6.880708e+00 -4.849359e+00 -6.181969e+00 -8.689332e-01 -1.463853e+00 -4.639364e-01 -2.593954e+00 -1.813193e+00 -7.093646e-01 -1.216520e+00 -2.045048e+00 -2.691683e+00 -4.657219e+00  -5.645620e+00 -6.331556e+00 -6.490866e+00 -3.731446e+00
-9.879929e+00 -1.356485e+01 -1.088002e+01 -2.000000e+00 -3.742442e+00 -2.012102e+00 -4.245603e+00 -7.151345e+00 -4.926201e+00 -6.323235e+00 -8.561068e-01 -1.540440e+00 -5.724210e-01 -2.701569e+00 -1.931922e+00 -6.263632e-01 -1.115062e+00 -1.900778e+00 -2.472746e+00 -4.407459e+00  -5.297093e+00 -5.760408e+00 -5.722000e+00 -3.198574e+00
-9.659963e+00 -1.351909e+01 -1.066002e+01 -2.000000e+00 -3.814523e+00 -1.980304e+00 -4.451927e+00 -7.388504e+00 -5.049262e+00 -6.467250e+00 -8.476084e-01 -1.624424e+00 -7.366719e-01 -2.829596e+00 -2.028530e+00 -5.510402e-01 -1.026059e+00 -1.777068e+00 -2.291897e+00 -4.201452e+00  -4.995232e+00 -5.267763e+00 -5.127392e+00 -2.769809e+00
-9.439989e+00 -1.351909e+01 -1.044003e+01 -2.000000e+00 -3.879650e+00 -1.950108e+00 -4.700862e+00 -7.603969e+00 -5.245210e+00 -6.632875e+00 -8.444150e-01 -1.739808e+00 -9.811502e-01 -3.005947e+00 -2.102115e+00 -4.892695e-01 -9.575699e-01 -1.683158e+00 -2.154973e+00 -4.045056e+00  -4.721675e+00 -4.834185e+00 -4.649274e+00 -2.413010e+00
-9.219988e+00 -1.347334e+01 -1.022001e+01 -2.000000e+00 -3.931860e+00 -1.922293e+00 -4.988872e+00 -7.794057e+00 -5.527394e+00 -6.807092e+00 -8.451818e-01 -1.905855e+00 -1.327683e+00 -3.230351e+00 -2.147304e+00 -4.488835e-01 -9.164223e-01 -1.627694e+00 -2.073838e+00 -3.949297e+00  -4.479357e+00 -4.469665e+00 -4.267573e+00 -2.120645e+00
