desc: I1 cache:         32768 B, 64 B, 8-way associative
desc: D1 cache:         32768 B, 64 B, 8-way associative
desc: LL cache:         6291456 B, 64 B, 24-way associative
cmd: ../build/fern-exec
events: Ir I1mr ILmr Dr D1mr DLmr Dw D1mw DLmw 
fl=/home/bkj/research/fern/src/FERNIntegrator.cpp
fn=FERNIntegrator::FERNIntegrator()
11 7 2 2 1 0 0 3 0 0
16 2 0 0 2 0 0 0 0 0
fn=FERNIntegrator::integrate(IntegrationData&)
32 5 1 0 0 0 0 3 0 0
34 5 1 1 1 0 0 1 0 0
36 61 0 0 50 2 0 49 0 0
37 2 0 0 2 1 0 0 0 0
fn=FERNIntegrator::~FERNIntegrator()
19 3 1 0 0 0 0 2 0 0
29 2 0 0 2 0 0 0 0 0
fl=/home/bkj/research/fern/src/Globals.cpp
fn=Globals::allocate(Network&)
6 5 1 1 0 0 0 3 0 0
7 9 0 0 3 0 0 2 0 0
8 9 1 1 3 0 0 2 0 0
9 9 1 1 3 0 0 2 0 0
10 9 0 0 3 0 0 2 0 0
11 9 1 1 3 0 0 2 0 0
12 9 0 0 3 0 0 2 0 0
13 9 1 1 3 0 0 2 0 0
14 9 0 0 3 0 0 2 0 0
15 9 1 1 3 0 0 2 0 0
16 9 0 0 3 0 0 2 0 0
17 9 1 1 3 0 0 2 0 0
18 2 0 0 2 0 0 0 0 0
fl=/home/bkj/research/fern/src/IntegrationData.cpp
fn=IntegrationData::allocate(unsigned short)
60 6 1 1 0 0 0 3 0 0
61 3 0 0 2 0 0 1 1 0
62 11 1 1 2 0 0 2 0 0
63 2 0 0 2 0 0 0 0 0
fn=IntegrationData::loadAbundances(char const*)
9 5 1 1 0 0 0 3 0 0
14 5 0 0 1 0 0 2 0 0
18 2 0 0 1 0 0 0 0 0
26 103 2 2 67 0 0 1 0 0
39 352 1 1 64 0 0 64 0 0
42 32 0 0 16 0 0 0 0 0
47 1216 0 0 784 0 0 16 0 0
52 2688 0 0 384 0 0 768 0 0
56 2 0 0 2 0 0 0 0 0
fn=IntegrationData::print()
66 4 0 0 0 0 0 2 0 0
67 7 1 1 2 0 0 1 0 0
69 7 0 0 3 0 0 2 0 0
70 7 1 1 3 0 0 2 0 0
71 7 0 0 3 0 0 2 0 0
72 7 1 1 3 0 0 2 0 0
73 7 0 0 3 0 0 2 0 0
75 3 0 0 0 0 0 1 0 0
76 118 1 1 67 0 0 17 0 0
77 208 0 0 96 0 0 32 0 0
78 2 0 0 2 0 0 0 0 0
fl=/home/bkj/research/fern/src/Network.cpp
fn=Network::Network()
7 3 1 1 0 0 0 2 0 0
8 2 0 0 2 0 0 0 0 0
fn=Network::allocate()
521 4 1 1 0 0 0 2 0 0
524 8 1 1 3 0 0 2 1 0
525 8 0 0 3 0 0 2 0 0
527 12 1 1 3 0 0 2 1 0
528 13 1 1 3 0 0 2 0 0
532 25 1 1 15 0 0 1 0 0
533 112 0 0 28 0 0 14 1 0
535 8 1 1 3 0 0 2 0 0
536 12 1 1 3 0 0 2 0 0
537 13 1 1 3 0 0 2 1 0
538 13 1 1 3 1 0 2 0 0
539 13 1 1 3 0 0 2 0 0
540 13 0 0 3 0 0 2 0 0
541 13 1 1 3 0 0 2 0 0
542 13 1 1 3 0 0 2 0 0
544 13 1 1 7 0 0 1 0 0
545 48 1 1 12 0 0 6 0 0
547 13 1 1 7 0 0 1 0 0
548 48 0 0 12 0 0 6 0 0
549 12 1 1 3 0 0 2 0 0
550 13 1 1 3 0 0 2 0 0
551 13 1 1 3 0 0 2 0 0
552 14 1 1 3 0 0 2 1 0
553 2 0 0 2 0 0 0 0 0
fn=Network::loadNetwork(char const*)
10 6 0 0 0 0 0 4 0 0
17 5 1 1 1 0 0 2 0 0
21 2 0 0 1 0 0 0 0 0
27 9 1 1 3 0 0 2 0 0
28 103 2 2 67 0 0 1 0 0
29 160 1 1 48 0 0 32 1 1
38 96 1 1 48 0 0 0 0 0
39 400 0 0 128 0 0 64 0 0
42 32 0 0 16 0 0 0 0 0
47 1216 0 0 784 0 0 16 0 0
51 2688 0 0 384 0 0 768 0 0
55 3 0 0 3 0 0 0 0 0
fn=Network::loadReactions(char const*)
57 6 0 0 0 0 0 4 0 0
66 10 1 1 2 0 0 2 0 0
67 11 1 1 2 0 0 2 0 0
70 11 1 1 2 0 0 2 0 0
71 11 0 0 2 0 0 2 0 0
72 11 1 1 2 0 0 2 0 0
73 11 1 1 2 0 0 2 0 0
75 5 0 0 1 0 0 2 0 0
79 2 1 1 1 0 0 0 0 0
86 2 1 1 1 0 0 1 0 0
87 9 0 0 3 0 0 2 0 0
88 9 1 1 3 0 0 2 0 0
89 295 1 1 195 0 0 1 0 0
90 480 1 1 144 0 0 96 5 5
91 624 1 1 240 0 0 96 5 5
103 288 1 1 144 0 0 0 0 0
105 2784 3 3 1008 0 0 384 0 0
108 96 0 0 48 0 0 0 0 0
121 336 1 1 144 0 0 48 0 0
127 1200 1 1 720 0 0 48 0 0
131 5040 0 0 1680 0 0 672 0 0
143 1308 2 2 708 0 0 48 0 0
144 1248 0 0 312 0 0 156 0 0
152 1308 1 1 708 0 0 48 0 0
153 1248 0 0 312 0 0 156 0 0
161 1182 1 1 582 0 0 48 0 0
162 1248 1 1 312 0 0 156 0 0
170 1182 2 2 582 0 0 48 0 0
171 1248 0 0 312 0 0 156 0 0
179 1308 1 1 708 0 0 48 0 0
180 1170 1 1 390 0 0 156 0 0
182 8034 1 1 5226 0 0 78 0 0
183 14976 0 0 7488 0 0 0 0 0
184 1092 0 0 468 12 12 78 0 0
193 1182 2 2 582 0 0 48 0 0
194 1170 1 1 390 0 0 156 0 0
196 8034 1 1 5226 0 0 78 0 0
197 14976 0 0 7488 0 0 0 0 0
198 1092 0 0 468 0 0 78 0 0
205 624 0 0 288 0 0 48 3 3
212 1 0 0 0 0 0 1 0 0
213 1 0 0 0 0 0 1 0 0
215 10 1 1 2 0 0 2 0 0
217 295 1 1 195 0 0 1 0 0
218 288 0 0 96 0 0 48 2 2
221 10 1 1 2 0 0 2 0 0
222 11 1 1 2 0 0 2 0 0
223 295 1 1 195 0 0 1 0 0
226 384 1 1 144 0 0 0 0 0
227 19 0 0 0 0 0 19 0 0
228 133 0 0 57 0 0 19 3 3
229 152 1 1 76 0 0 19 2 1
230 266 1 1 133 0 0 19 1 1
231 171 0 0 95 0 0 19 1 1
232 171 1 1 95 0 0 19 2 1
242 5605 1 1 3705 0 0 19 0 0
243 23724 1 1 14296 0 0 912 0 0
246 132055 2 2 45276 3 0 0 0 0
247 8727 0 0 5818 0 0 0 0 0
248 883 0 0 0 0 0 883 0 0
249 883 0 0 0 0 0 0 0 0
251 2890 0 0 0 0 0 2890 0 0
255 1824 0 0 912 0 0 0 0 0
256 2987 1 1 1943 0 0 29 0 0
257 12064 2 2 5568 0 0 0 0 0
258 1368 1 1 432 0 0 0 0 0
259 1152 0 0 432 0 0 0 0 0
260 504 0 0 216 0 0 72 0 0
264 174 1 1 58 0 0 29 0 0
265 29 0 0 29 0 0 0 0 0
266 203 0 0 87 0 0 29 0 0
267 232 1 1 116 0 0 29 1 1
268 261 0 0 145 0 0 29 1 1
285 171 0 0 76 0 0 19 1 1
289 95 0 0 57 0 0 19 0 0
298 3 1 1 1 0 0 1 0 0
303 10 0 0 6 0 0 1 0 0
306 5 1 1 2 0 0 1 0 0
307 5 0 0 2 0 0 1 0 0
308 5 0 0 2 0 0 1 0 0
309 5 0 0 2 0 0 1 0 0
310 5 0 0 2 0 0 1 0 0
311 3 0 0 3 0 0 0 0 0
fn=Network::parseFlux(int*, int (*) [4], int (*) [4], int (*) [4], int (*) [4])
314 9 2 2 0 0 0 7 0 0
318 13 1 1 4 0 0 1 0 0
319 8 0 0 1 0 0 2 0 0
320 9 1 1 1 0 0 2 0 0
323 16 1 1 4 0 0 2 0 0
325 11 1 1 2 0 0 2 0 0
326 11 0 0 2 0 0 2 0 0
334 1 1 1 0 0 0 1 0 0
335 1 0 0 0 0 0 1 0 0
337 2 0 0 1 0 0 1 0 0
338 2 0 0 1 0 0 1 0 0
341 103 1 1 67 0 0 1 0 0
342 16 1 1 0 0 0 16 0 0
343 16 0 0 0 0 0 16 0 0
344 16 0 0 0 0 0 16 0 0
350 4720 2 2 3120 0 0 16 0 0
351 768 0 0 0 0 0 768 0 0
352 768 0 0 0 0 0 768 0 0
355 20928 2 2 11328 0 0 768 0 0
356 23868 1 1 10608 8 0 0 0 0
357 78 0 0 78 0 0 0 0 0
361 18912 1 1 9312 2 0 768 0 0
362 23868 1 1 10608 2 0 0 0 0
363 78 0 0 78 0 0 0 0 0
366 2304 1 1 1536 0 0 768 0 0
368 1536 0 0 768 0 0 0 0 0
370 72 0 0 72 0 0 0 0 0
371 1008 1 1 432 0 0 72 23 23
372 792 0 0 288 0 0 72 3 3
379 1392 0 0 696 0 0 0 0 0
381 72 0 0 72 0 0 0 0 0
382 1008 1 1 432 0 0 72 24 24
383 792 0 0 288 0 0 72 1 1
392 7488 0 0 3120 0 0 624 0 0
397 96 0 0 64 0 0 16 0 0
398 96 1 1 64 0 0 16 0 0
400 112 0 0 48 0 0 16 0 0
401 112 0 0 48 0 0 16 0 0
403 32 0 0 32 0 0 0 0 0
404 32 0 0 32 0 0 0 0 0
412 2 0 0 0 0 0 1 0 0
414 2 0 0 0 0 0 1 0 0
416 2 1 1 0 0 0 1 0 0
419 26 1 1 12 0 0 1 0 0
426 12 1 1 3 0 0 2 0 0
427 13 1 1 3 0 0 2 0 0
430 13 1 1 3 0 0 2 0 0
431 13 1 1 3 0 0 2 0 0
435 11 1 1 2 0 0 2 0 0
436 11 1 1 2 0 0 2 0 0
438 11 1 1 2 0 0 2 0 0
439 11 0 0 2 0 0 2 0 0
441 4 1 1 3 0 0 1 0 0
442 4 0 0 3 0 0 1 1 1
443 97 1 1 63 0 0 1 0 0
444 300 1 1 120 0 0 15 1 1
445 300 1 1 120 0 0 15 0 0
448 1 0 0 0 0 0 1 0 0
449 439 1 1 291 0 0 1 0 0
450 504 0 0 216 0 0 72 3 3
451 648 0 0 288 0 0 0 0 0
452 16 0 0 16 0 0 0 0 0
455 1 0 0 0 0 0 1 0 0
456 439 1 1 291 0 0 1 0 0
457 504 0 0 216 0 0 72 4 4
458 648 0 0 288 0 0 0 0 0
459 16 0 0 16 0 0 0 0 0
462 439 2 2 291 0 0 1 0 0
463 936 0 0 432 1 0 72 1 0
466 439 1 1 291 0 0 1 0 0
467 936 0 0 432 0 0 72 1 1
471 10 0 0 2 0 0 2 0 0
472 11 1 1 2 0 0 2 0 0
474 2 0 0 1 0 0 1 0 0
475 6 1 1 4 0 0 1 1 0
476 97 2 2 63 0 0 1 0 0
477 225 1 1 90 0 0 15 0 0
478 315 0 0 135 0 0 15 0 0
481 2 0 0 1 0 0 1 0 0
482 6 0 0 4 0 0 1 1 0
483 97 1 1 63 0 0 1 0 0
484 225 1 1 90 0 0 15 0 0
485 315 1 1 135 0 0 15 0 0
492 1 0 0 0 0 0 1 0 0
493 1 0 0 0 0 0 1 0 0
494 103 1 1 67 0 0 1 0 0
495 4720 0 0 3120 0 0 16 0 0
496 10752 1 1 4608 3 0 0 0 0
497 1584 1 1 648 0 0 72 8 8
498 144 0 0 72 0 0 0 0 0
499 9744 1 1 4176 0 0 0 0 0
500 432 1 1 216 0 0 0 0 0
501 1296 0 0 504 1 1 72 8 8
502 72 0 0 72 0 0 0 0 0
508 5 0 0 2 0 0 1 0 0
509 5 0 0 2 0 0 1 0 0
510 5 1 1 2 0 0 1 0 0
511 5 0 0 2 0 0 1 0 0
512 5 1 1 2 0 0 1 0 0
513 5 0 0 2 0 0 1 0 0
514 5 0 0 2 0 0 1 0 0
515 5 0 0 2 0 0 1 0 0
516 5 1 0 2 0 0 1 0 0
517 5 0 0 2 0 0 1 0 0
519 2 0 0 2 0 0 0 0 0
fl=/home/bkj/research/fern/src/kernels.cpp
fn=NDreduceSum(double*, unsigned short)
566 12702440 1 1 0 0 0 7621464 0 0
569 5080976 0 0 0 0 0 2540488 0 0
571 175293672 1 1 127024400 0 0 2540488 0 0
572 406478080 0 0 162591232 0 0 40647808 0 0
575 7621464 1 1 5080976 0 0 2540488 0 0
576 5080976 0 0 5080976 0 0 0 0 0
fn=asymptoticUpdate(double, double, double, double)
548 5453742 0 0 0 0 0 4544785 0 0
550 8180613 0 0 6362699 0 0 0 0 0
551 1817914 0 0 1817914 0 0 0 0 0
fn=checkAsy(double, double, double)
533 135492720 2 2 0 0 0 108394176 0 0
542 162591264 0 0 108394176 0 0 0 0 0
543 54197088 0 0 54197088 0 0 0 0 0
fn=eulerUpdate(double, double, double, double)
556 157137522 1 1 0 0 0 130947935 0 0
557 104758348 0 0 104758348 0 0 0 0 0
558 52379174 0 0 52379174 0 0 0 0 0
fn=handlePERG_2(int, double, double, double, double, double, int*, double)
851 130378248 1 1 0 0 0 106673112 0 0
852 47410272 1 1 23705136 0 0 11852568 0 0
853 47410272 0 0 23705136 0 0 11852568 0 0
854 59262840 1 1 23705136 0 0 11852568 0 0
855 82967976 0 0 47410272 0 0 11852568 0 0
856 59262840 1 1 35557704 0 0 11852568 0 0
857 106673112 0 0 59262840 0 0 11852568 0 0
858 142230816 1 1 71115408 0 0 35557704 0 0
859 47410272 1 1 23705136 0 0 11852568 0 0
860 47410272 0 0 23705136 0 0 11852568 0 0
861 118525680 1 1 59262840 0 0 11852568 0 0
862 118525680 1 1 59262840 0 0 11852568 0 0
863 118525680 0 0 59262840 0 0 11852568 0 0
864 95429058 1 1 63619372 0 0 0 0 0
865 44337150 0 0 14779050 0 0 7389525 0 0
867 23705136 0 0 23705136 0 0 0 0 0
fn=handlePERG_3(int, double, double, double, double, double, double, int*, double)
869 10159344 2 2 0 0 0 8466120 1 0
870 3386448 0 0 1693224 0 0 846612 0 0
871 3386448 1 1 1693224 0 0 846612 0 0
872 6772896 0 0 4233060 1 1 846612 0 0
873 6772896 1 1 4233060 0 0 846612 0 0
874 6772896 1 1 4233060 0 0 846612 0 0
875 10159344 1 1 5079672 0 0 846612 0 0
876 7619508 1 1 4233060 0 0 846612 0 0
877 10159344 1 1 5079672 0 0 2539836 1 0
878 3386448 0 0 1693224 0 0 846612 0 0
879 3386448 0 0 1693224 0 0 846612 0 0
880 8466120 1 1 3386448 0 0 846612 0 0
881 8466120 1 1 4233060 0 0 846612 0 0
882 8466120 1 1 4233060 0 0 846612 0 0
883 8466120 1 1 4233060 0 0 846612 0 0
884 8466120 0 0 4233060 0 0 846612 0 0
885 10157202 1 1 6771468 0 0 0 0 0
886 618 0 0 206 0 0 103 0 0
888 1693224 1 1 1693224 0 0 0 0 0
fn=handlePERG_4(int, double, double, double, double, double, double, int*, double)
890 40637376 1 1 0 0 0 33864480 0 0
891 13545792 1 1 6772896 0 0 3386448 0 0
892 13545792 0 0 6772896 0 0 3386448 0 0
893 13545792 0 0 6772896 0 0 3386448 0 0
894 13545792 1 1 6772896 0 0 3386448 0 0
895 27091584 0 0 16932240 0 0 3386448 0 0
896 16932240 1 1 10159344 0 0 3386448 0 0
897 30478032 1 1 16932240 0 0 3386448 0 0
898 40637376 1 1 20318688 0 0 10159344 0 0
899 13545792 0 0 6772896 0 0 3386448 0 0
900 13545792 0 0 6772896 0 0 3386448 0 0
901 13545792 0 0 6772896 0 0 3386448 0 0
902 33864480 1 1 16932240 0 0 3386448 0 0
903 33864480 1 1 16932240 0 0 3386448 0 0
904 33864480 1 1 16932240 0 0 3386448 0 0
905 33864480 1 1 16932240 0 0 3386448 0 0
906 17404494 0 0 11602996 0 0 0 0 0
907 589230 0 0 196410 0 0 98205 0 0
909 6772896 1 1 6772896 0 0 0 0 0
fn=integrateNetwork(Network, IntegrationData, Globals*)
6 5 0 0 0 0 0 3 0 0
7 2 0 0 1 0 0 1 0 0
31 2 0 0 1 0 0 1 0 0
32 2 1 1 1 0 0 1 0 0
33 2 0 0 1 0 0 1 0 0
34 2 0 0 1 0 0 1 0 0
48 2 0 0 1 0 0 1 0 0
49 2 0 0 1 0 0 1 0 0
55 1 0 0 0 0 0 1 0 0
56 1 0 0 0 0 0 1 0 0
57 1 1 1 0 0 0 1 0 0
58 1 0 0 0 0 0 1 0 0
59 1 0 0 0 0 0 1 0 0
62 1 0 0 0 0 0 1 0 0
63 1 0 0 0 0 0 1 0 0
64 2 0 0 0 0 0 1 0 0
65 2 1 1 0 0 0 1 0 0
66 2 0 0 0 0 0 1 0 0
67 2 0 0 0 0 0 1 0 0
68 1 0 0 0 0 0 1 0 0
69 2 0 0 1 0 0 1 0 0
71 2 1 1 1 0 0 1 0 0
73 2 0 0 1 0 0 1 0 0
75 2 0 0 1 0 0 1 0 0
77 2 0 0 1 0 0 1 0 0
79 2 0 0 1 0 0 1 0 0
81 2 1 1 1 0 0 1 0 0
83 2 0 0 1 0 0 1 0 0
85 2 0 0 1 0 0 1 0 0
89 3 0 0 2 0 0 1 0 0
90 3 1 1 2 0 0 1 0 0
91 3 0 0 2 0 0 1 0 0
92 3 0 0 2 0 0 1 0 0
93 3 0 0 2 0 0 1 0 0
94 3 1 1 2 0 0 1 0 0
95 3 0 0 2 0 0 1 0 0
96 3 0 0 2 0 0 1 0 0
97 3 1 1 2 0 0 1 0 0
98 3 0 0 2 0 0 1 0 0
102 2 0 0 1 0 0 1 0 0
103 2 0 0 1 0 0 1 0 0
104 2 0 0 1 0 0 1 0 0
105 2 1 1 1 0 0 1 0 0
106 2 0 0 1 0 0 1 0 0
107 2 0 0 1 0 0 1 0 0
108 2 0 0 1 0 0 1 0 0
109 2 0 0 1 0 0 1 0 0
113 2 0 0 1 0 0 1 0 0
125 246 2 2 146 0 0 1 0 0
130 624 1 1 288 5 0 48 0 0
131 816 0 0 288 0 0 144 2 0
144 6 1 1 2 0 0 3 0 0
145 5 0 0 2 1 1 1 0 0
146 4 1 1 2 0 0 1 0 0
147 2 0 0 1 0 0 1 0 0
148 2 0 0 1 0 0 1 0 0
149 7 1 1 5 0 0 1 0 0
150 6 0 0 2 0 0 3 0 0
152 246 2 2 146 0 0 1 0 0
160 624 1 1 288 2 0 48 0 0
161 96 0 0 48 0 0 0 0 0
162 672 0 0 336 13 0 0 0 0
163 768 2 2 384 12 0 0 0 0
164 768 1 1 384 10 0 0 0 0
165 480 0 0 192 6 0 96 3 0
172 1 0 0 0 0 0 1 0 0
176 1 0 0 0 0 0 1 0 0
178 10 1 1 5 0 0 1 0 0
179 26 0 0 4 0 0 4 0 0
182 246 3 3 146 0 0 1 0 0
184 720 1 1 288 3 0 0 0 0
186 38 0 0 0 0 0 19 0 0
187 38 0 0 0 0 0 19 0 0
189 334 2 2 172 0 0 19 0 0
191 432 1 1 192 4 0 0 0 0
192 288 0 0 120 0 0 24 0 0
196 264 0 0 120 0 0 24 0 0
199 133 0 0 38 0 0 19 1 0
200 133 0 0 38 0 0 19 1 0
201 133 0 0 57 0 0 19 0 0
202 133 0 0 57 0 0 19 0 0
209 19 0 0 19 0 0 0 0 0
219 2 0 0 0 0 0 1 0 0
220 2 0 0 1 0 0 1 0 0
221 1 0 0 0 0 0 1 0 0
223 2 0 0 0 0 0 1 0 0
224 5 1 1 2 0 0 1 0 0
225 2 0 0 0 0 0 1 0 0
226 5 1 1 2 0 0 1 0 0
227 2 0 0 1 0 0 1 0 0
234 69 1 1 50 0 0 1 0 0
235 384 2 2 128 1 0 16 1 0
237 320 0 0 128 1 0 16 0 0
240 7 1 1 2 0 0 2 0 0
247 2540491 0 0 1693660 0 0 0 0 0
297 8468073 1 1 2540487 0 0 1693658 0 0
300 17778852 1 1 8466120 1 0 6772896 0 0
305 58431201 2 2 42341450 0 0 846829 0 0
306 162591168 0 0 67746320 0 0 13549264 1 0
313 166825313 2 2 123637034 0 0 846829 0 0
314 284534544 0 0 121943376 0 0 40647792 0 0
315 325182336 1 1 121943376 4 2 0 0 0
316 565218250 2 2 226087300 3 0 22608730 5 5
318 95258856 0 0 22608730 0 0 0 0 0
321 42336300 2 2 16934520 1 0 1693452 0 0
325 364836900 1 1 145934760 3 0 14593476 0 0
326 29186952 0 0 0 0 0 0 0 0
328 144312496 0 0 54117186 0 0 0 0 0
329 126273434 0 0 36078124 0 0 18039062 0 0
335 6774632 0 0 4234145 0 0 846829 0 0
336 6774632 1 1 4234145 0 0 846829 0 0
351 58431201 1 1 42341450 0 0 846829 0 0
352 168518971 1 1 51656569 0 0 13549264 0 0
354 94844848 0 0 27098528 0 0 13549264 1 0
355 772308048 3 3 372604760 1 0 13549264 0 0
356 1219433760 0 0 487773504 0 0 60971688 0 0
360 168518971 0 0 51656569 0 0 13549264 0 0
361 94844848 1 1 27098528 0 0 13549264 1 1
362 772308048 1 1 372604760 1 0 13549264 0 0
363 1219433760 0 0 487773504 0 0 60971688 0 0
369 58431201 2 2 42341450 0 0 846829 0 0
373 298083808 1 1 121943376 0 0 13549264 0 0
379 5927803 0 0 1693658 0 0 1693658 0 0
390 3387316 0 0 1693658 0 0 846829 0 0
391 3387316 1 1 1693658 0 0 846829 0 0
392 2540487 0 0 1693658 0 0 0 0 0
393 1637706 0 0 818853 0 0 818853 0 0
395 1693658 0 0 846829 0 0 846829 0 0
396 2540487 1 1 1693658 0 0 0 0 0
397 1693658 0 0 846829 0 0 846829 0 0
399 8468290 1 1 5927803 0 0 1693658 0 0
403 58431201 1 1 42341450 0 0 846829 0 0
405 270985280 1 1 108394112 0 0 13549264 0 0
408 5927803 0 0 1693658 0 0 1693658 0 0
431 5927803 1 1 2540487 0 0 846829 0 0
432 5927803 1 1 2540487 0 0 846829 0 0
433 5080974 0 0 2540487 0 0 846829 0 0
435 3407037 1 1 2271358 0 0 0 0 0
436 495632 1 1 185862 0 0 185862 0 0
437 743448 0 0 247816 0 0 185862 0 0
438 2354625 1 1 1569750 0 0 0 0 0
439 8248646 1 1 3535134 0 0 2356756 0 0
443 8468290 1 1 5927803 0 0 1693658 0 0
450 1693658 0 0 846829 0 0 846829 0 0
484 4234145 1 1 2540487 0 0 0 0 0
491 4 0 0 2 0 0 1 0 0
493 10 0 0 7 0 0 2 0 0
500 58431201 2 2 42341450 0 0 846829 0 0
502 270985280 1 1 108394112 0 0 13549264 0 0
505 5927803 1 1 1693658 0 0 1693658 0 0
509 3387316 0 0 1693658 0 0 846829 0 0
510 846829 0 0 846829 0 0 0 0 0
512 1693658 0 0 846829 0 0 846829 0 0
515 58431201 1 1 42341450 0 0 846829 0 0
516 216788224 1 1 94844848 0 0 13549264 0 0
519 5927803 0 0 1693658 0 0 1693658 0 0
524 3 0 0 3 0 0 0 0 0
fn=partialEquil(double*, unsigned short, int*, int**, int**, double**, int*, int*, int*, int*, int, double, int)
625 9312732 0 0 0 0 0 6772896 0 0
626 1693224 1 1 0 0 0 846612 0 0
627 1693224 0 0 0 0 0 846612 0 0
628 1693224 0 0 0 0 0 846612 0 0
629 1693224 0 0 0 0 0 846612 0 0
630 1693224 0 0 0 0 0 846612 0 0
652 846612 0 0 0 0 0 846612 0 0
653 846612 0 0 0 0 0 846612 0 0
656 68575572 2 2 49950108 0 0 846612 0 0
657 32171256 0 0 16085628 0 0 0 0 0
660 96513768 1 1 32171256 0 0 16085628 1 1
662 32171256 0 0 0 0 0 16085628 0 0
663 32171256 0 0 0 0 0 16085628 0 0
664 32171256 0 0 0 0 0 16085628 0 0
665 32171256 1 1 0 0 0 16085628 0 0
666 32171256 0 0 0 0 0 16085628 0 0
670 64342512 0 0 32171256 0 0 0 0 0
671 259063272 1 1 91434096 2 0 15239016 0 0
673 8466120 0 0 3386448 0 0 846612 0 0
682 176941908 1 1 64342512 3 2 0 0 0
709 995615712 5 5 485955288 2 0 82967976 0 0
731 11852568 0 0 0 0 0 0 0 0
733 88047648 7 7 42330600 2 0 6772896 0 0
759 846612 0 0 0 0 0 0 0 0
761 352190592 6 6 169322400 4 0 27091584 0 0
787 3386448 0 0 0 0 0 0 0 0
826 3168868716 1 1 2348501688 0 0 16085628 0 0
827 6176881152 1 1 3088440576 3 0 0 0 0
828 487648512 0 0 203186880 0 0 40637376 0 0
833 1693224 0 0 1693224 0 0 0 0 0
fn=populateF(double*, double*, double*, unsigned short*, unsigned short)
603 13549264 1 1 0 0 0 10161948 0 0
604 496241794 1 1 369217444 0 0 1693658 0 0
605 3048584400 1 1 1219433760 20 0 121943376 15 0
607 3387316 0 0 3387316 0 0 0 0 0
fn=reduceMax(double*, unsigned short)
584 4234145 0 0 0 0 0 2540487 0 0
586 2540487 0 0 1693658 0 0 846829 0 0
587 58431201 1 1 42341450 0 0 846829 0 0
588 108394112 0 0 54197056 0 0 0 0 0
589 1622999 0 0 695571 0 0 231857 0 0
593 2540487 0 0 1693658 0 0 846829 0 0
594 1693658 0 0 1693658 0 0 0 0 0
fn=updatePopulations(double*, double*, double*, double*, unsigned short, double)
613 18630249 1 1 0 0 0 13549272 0 0
615 116862471 2 1 84682950 0 0 1693659 0 0
616 596167968 1 1 270985440 0 0 108394176 0 0
617 32722452 1 1 14543312 0 0 5453742 0 0
619 916635545 3 3 419033392 0 0 157137522 0 0
622 6774636 0 0 5080977 0 0 0 0 0
fl=/home/bkj/research/fern/src/main.cpp
fn=main
7 6 1 1 0 0 0 4 0 0
9 3 0 0 0 0 0 1 0 0
10 1 1 1 0 0 0 1 0 0
11 1 0 0 0 0 0 1 0 0
12 1 0 0 0 0 0 1 0 0
13 2 0 0 0 0 0 1 0 0
14 2 0 0 0 0 0 1 0 0
15 1 0 0 0 0 0 1 0 0
17 3 1 1 0 0 0 1 0 0
18 4 0 0 0 0 0 1 0 0
19 4 0 0 0 0 0 1 0 0
25 6 2 1 1 0 0 1 0 0
26 4 0 0 0 0 0 1 0 0
28 2 0 0 0 0 0 1 0 0
29 2 1 1 0 0 0 1 0 0
30 2 0 0 0 0 0 1 0 0
31 2 0 0 0 0 0 1 0 0
32 2 0 0 0 0 0 1 0 0
35 5 1 1 0 0 0 1 0 0
36 3 0 0 0 0 0 1 0 0
39 6 0 0 0 0 0 1 0 0
40 4 1 0 3 1 0 0 0 0
fl=???
fn=(below main)
0 60 5 4 17 2 0 17 0 0
fn=???
0 18495490 122 91 18494930 86 11 234 14 11
fn=_Exit
0 8 2 2 1 0 0 0 0 0
fn=_IO_cleanup
0 121 8 8 35 0 0 19 0 0
fn=_IO_default_finish
0 19 2 2 7 0 0 2 0 0
fn=_IO_default_setbuf
0 38 3 3 8 0 0 14 0 0
fn=_IO_default_uflow
0 48 4 2 24 0 0 12 0 0
fn=_IO_do_write@@GLIBC_2.2.5
0 1300 7 4 364 1 0 286 1 0
fn=_IO_doallocbuf
0 72 3 2 32 1 1 16 0 0
fn=_IO_file_close
0 2 1 1 1 0 0 0 0 0
fn=_IO_file_close_it@@GLIBC_2.2.5
0 48 4 4 10 1 0 16 0 0
fn=_IO_file_doallocate
0 180 6 4 38 3 1 24 2 0
fn=_IO_file_finish@@GLIBC_2.2.5
0 8 2 2 2 0 0 1 0 0
fn=_IO_file_fopen@@GLIBC_2.2.5
0 207 13 6 36 1 1 33 0 0
fn=_IO_file_init@@GLIBC_2.2.5
0 39 4 2 12 0 0 15 0 0
fn=_IO_file_overflow@@GLIBC_2.2.5
0 8466 10 7 2443 0 0 1358 1 0
fn=_IO_file_read
0 16 2 1 8 0 0 0 0 0
fn=_IO_file_setbuf@@GLIBC_2.2.5
0 15 1 0 3 0 0 8 0 0
fn=_IO_file_stat
0 16 2 1 4 0 0 0 0 0
fn=_IO_file_sync@@GLIBC_2.2.5
0 13 2 2 6 0 0 2 0 0
fn=_IO_file_underflow@@GLIBC_2.2.5
0 181 9 5 66 3 2 43 0 0
fn=_IO_file_write@@GLIBC_2.2.5
0 936 6 3 208 0 0 130 0 0
fn=_IO_file_xsputn@@GLIBC_2.2.5
0 5908 14 7 1219 1 0 711 1 0
fn=_IO_flush_all_lockp
0 127 9 9 36 14 5 16 0 0
fn=_IO_link_in
0 258 20 9 93 2 1 48 0 0
fn=_IO_no_init
0 99 6 3 15 0 0 60 4 4
fn=_IO_old_init
0 75 6 3 6 0 0 57 4 4
fn=_IO_setb
0 118 2 1 29 0 0 28 0 0
fn=_IO_sputbackc
0 63280 1 1 27120 0 0 9040 0 0
fn=_IO_switch_to_get_mode
0 80 2 2 28 0 0 24 0 0
fn=_IO_un_link
0 92 11 11 33 1 0 15 0 0
fn=_IO_unsave_markers
0 7 2 2 3 0 0 0 0 0
fn=_IO_vfscanf
0 1166284 170 115 323284 161 145 172197 120 110
fn=__GI_memcpy
0 28954 6 2 3218 2 1 1610 4 0
fn=__GI_mempcpy
0 1830 9 6 217 0 0 122 2 0
fn=__GI_strstr
0 72 7 4 27 2 1 18 0 0
fn=____strtod_l_internal
0 438430 95 50 75631 6 4 43373 5 0
fn=____strtol_l_internal
0 89148 17 12 14878 1 0 9648 2 0
fn=____strtoul_l_internal
0 10832 12 10 1906 2 2 1248 2 0
fn=__acos_finite
0 7 1 1 2 0 0 1 0 0
fn=__asin_finite
0 7 1 1 2 0 0 1 0 0
fn=__atan2_finite
0 10 2 2 2 0 0 1 0 0
fn=__call_tls_dtors
0 12 2 2 5 0 0 4 0 0
fn=__close_nocancel
0 5 1 1 1 0 0 0 0 0
fn=__cpu_indicator_init
0 89 8 8 19 2 1 13 0 0
fn=__ctype_init
0 16 2 2 10 3 2 3 0 0
fn=__cxa_atexit
0 88 2 2 20 0 0 32 2 0
fn=__cxa_finalize
0 297 6 5 81 1 1 27 0 0
fn=__cxa_guard_acquire
0 33 4 4 13 1 0 7 0 0
fn=__cxa_guard_release
0 14 3 3 5 0 0 3 0 0
fn=__default_morecore
0 14 1 1 2 0 0 2 0 0
fn=__exp_finite
0 10 1 1 2 0 0 1 0 0
fn=__fopen_internal
0 117 4 2 12 0 0 30 2 2
fn=__fopen_maybe_mmap
0 12 2 1 6 0 0 0 0 0
fn=__get_cpu_features
0 70 1 1 28 0 0 0 0 0
fn=__ieee754_exp_sse2
0 4720 9 9 794 72 72 238 0 0
fn=__ieee754_log_sse2
0 128587017 93 93 24592661 482 217 6730353 2 2
fn=__ieee754_pow_sse2
0 1452 5 5 234 3 3 96 0 0
fn=__init_cpu_features
0 61 7 7 5 1 1 13 0 0
fn=__init_misc
0 24 2 2 7 1 0 5 1 1
fn=__kernel_standard
0 56 5 5 12 1 1 14 0 0
fn=__libc_csu_init
0 34 3 3 8 1 0 8 0 0
fn=__libc_memalign
0 1146 4 4 225 3 0 221 1 1
fn=__linkin_atfork
0 9 2 2 4 2 1 1 0 0
fn=__log10_finite
0 32179502 4 4 4234145 1 1 1693658 0 0
fn=__log_finite
0 10 1 1 2 0 0 1 0 0
fn=__mpn_cmp
0 51 2 2 14 0 0 0 0 0
fn=__mpn_construct_double
0 17262 3 2 3699 0 0 1233 0 0
fn=__mpn_divrem
0 259 4 4 72 0 0 56 0 0
fn=__mpn_extract_double
0 420 3 3 21 0 0 84 0 0
fn=__mpn_lshift
0 38874 7 3 5186 0 0 2596 0 0
fn=__mpn_mul
0 12730 8 3 3685 2 1 3685 2 0
fn=__mpn_mul_1
0 11337 13 6 1625 0 0 1117 0 0
fn=__mpn_rshift
0 606 5 5 109 0 0 75 0 0
fn=__new_exitfn
0 172 6 6 44 5 4 17 0 0
fn=__open_nocancel
0 15 0 0 3 0 0 0 0 0
fn=__overflow
0 1531 4 2 765 0 0 1 0 0
fn=__pow_finite
0 7 1 1 2 0 0 1 0 0
fn=__printf_fp
0 21328 100 100 4409 11 4 3133 1 0
fn=__read_nocancel
0 20 0 0 4 0 0 0 0 0
fn=__run_exit_handlers
0 92 5 5 12 5 1 13 1 0
fn=__sigjmp_save
0 9 0 0 2 0 0 2 0 0
fn=__sigsetjmp
0 259 4 4 64 0 0 104 1 1
fn=__strtod_internal
0 3792 2 1 2528 0 0 0 0 0
fn=__strtol_internal
0 2412 2 1 1608 0 0 0 0 0
fn=__strtoul_internal
0 288 1 1 192 0 0 0 0 0
fn=__tls_get_addr
0 11 2 2 7 2 0 0 0 0
fn=__uflow
0 104 7 4 36 1 1 4 0 0
fn=__unregister_atfork
0 52 2 1 20 2 0 4 0 0
fn=__write_nocancel
0 130 2 1 26 0 0 0 0 0
fn=_dl_add_to_namespace_list
0 250 2 2 68 0 0 47 0 0
fn=_dl_add_to_slotinfo
0 48 2 2 18 4 0 12 1 0
fn=_dl_addr
0 56017 9 9 13644 1035 854 17 2 0
fn=_dl_allocate_tls_init
0 111 6 6 35 4 0 17 1 0
fn=_dl_allocate_tls_storage
0 323 3 3 7 0 0 296 37 37
fn=_dl_cache_libcmp
0 3753 4 4 569 36 36 0 0 0
fn=_dl_catch_error
0 480 4 4 132 0 0 240 5 5
fn=_dl_check_all_versions
0 117 2 2 19 0 0 11 0 0
fn=_dl_check_map_versions
0 4379 14 14 1387 18 13 531 42 41
fn=_dl_count_modids
0 4 1 1 3 0 0 0 0 0
fn=_dl_debug_initialize
0 68 5 3 24 2 1 4 0 0
fn=_dl_debug_state
0 2 0 0 2 0 0 0 0 0
fn=_dl_determine_tlsoffset
0 85 5 5 15 1 1 9 0 0
fn=_dl_discover_osversion
0 80 4 4 14 2 2 7 1 1
fn=_dl_find_dso_for_object
0 45 3 3 18 2 0 0 0 0
fn=_dl_fini
0 414 10 10 150 43 0 53 10 0
fn=_dl_fixup
0 2503 16 6 988 144 16 310 0 0
fn=_dl_higher_prime_number
0 144 1 1 14 2 1 0 0 0
fn=_dl_important_hwcaps
0 258 19 19 47 0 0 44 1 1
fn=_dl_init
0 124 5 5 33 1 0 15 0 0
fn=_dl_init_paths
0 605 13 13 79 0 0 40 2 2
fn=_dl_initial_error_catch_tsd
0 26 0 0 13 0 0 0 0 0
fn=_dl_load_cache_lookup
0 1286 14 14 207 35 35 105 0 0
fn=_dl_lookup_symbol_x
0 496481 17 9 81795 1265 1058 30409 13 0
fn=_dl_map_object
0 2286 23 23 508 0 0 316 3 3
fn=_dl_map_object_deps
0 2780 37 37 574 9 1 238 2 2
fn=_dl_map_object_from_fd
0 4486 48 48 887 46 46 507 56 56
fn=_dl_name_match_p
0 7915 3 3 2047 34 0 1178 3 1
fn=_dl_new_object
0 1172 14 14 217 7 7 219 41 41
fn=_dl_next_ld_env_entry
0 551 2 2 189 39 39 2 0 0
fn=_dl_next_tls_modid
0 12 1 1 6 0 0 2 0 0
fn=_dl_receive_error
0 28 2 2 10 0 0 12 0 0
fn=_dl_relocate_object
0 191161 51 51 47607 3105 2228 17609 881 546
fn=_dl_runtime_resolve
0 899 7 3 279 0 0 248 1 0
fn=_dl_setup_hash
0 154 3 3 49 8 8 42 0 0
fn=_dl_sort_fini
0 580 7 7 157 5 0 29 0 0
fn=_dl_start
0 325 10 9 35 11 9 40 17 16
fn=_dl_sysdep_read_whole_file
0 41 3 3 6 0 0 9 0 0
fn=_dl_sysdep_start
0 537 12 11 154 23 21 29 7 7
fn=_dl_sysdep_start_cleanup
0 1 1 1 1 0 0 0 0 0
fn=_dl_unload_cache
0 10 2 1 3 1 0 2 0 0
fn=_dl_vdso_vsym
0 24 3 3 12 2 0 0 0 0
fn=_fxstat
0 100 2 2 10 0 0 0 0 0
fn=_init
0 60 6 6 14 5 0 18 4 3
fn=_int_malloc
0 28039 52 50 3544 17 3 4845 171 159
fn=_itoa_word
0 640 6 3 57 2 1 35 0 0
fn=_setjmp
0 2 1 1 0 0 0 0 0 0
fn=_xstat
0 98 1 1 8 0 0 6 0 0
fn=access
0 9 2 2 1 0 0 1 0 0
fn=bcmp
0 2283 14 14 542 12 12 160 2 2
fn=brk
0 51 4 4 7 0 0 4 1 1
fn=call_init.part.0
0 375 3 3 123 19 1 60 0 0
fn=calloc
0 136 2 2 0 0 0 0 0 0
fn=cbrt
0 57 5 5 14 3 3 4 0 0
fn=ceil
0 6 1 1 2 0 0 1 0 0
fn=ceilf
0 6 1 1 2 0 0 1 0 0
fn=check_match.isra.0
0 70168 11 6 23797 248 133 7536 10 0
fn=close
0 30 0 0 6 0 0 0 0 0
fn=cos
0 10 1 1 2 0 0 1 0 0
fn=dl_main
0 1286 74 74 267 39 20 150 17 17
fn=do_lookup_x
0 359831 47 31 127064 2411 629 53696 13 0
fn=do_preload
0 28 2 2 7 0 0 8 0 0
fn=exit
0 4 1 1 0 0 0 1 0 0
fn=exp
0 992 4 4 98 2 0 96 0 0
fn=fclose@@GLIBC_2.2.5
0 68 8 8 27 2 0 9 0 0
fn=fillin_rpath
0 299 16 16 50 0 0 67 1 1
fn=floor
0 6 2 2 2 0 0 1 0 0
fn=floorf
0 6 1 1 2 0 0 1 0 0
fn=fmax
0 3565485 1 1 713097 0 0 0 0 0
fn=fopen@@GLIBC_2.2.5
0 6 2 1 0 0 0 0 0 0
fn=free
0 1567 17 17 437 7 0 189 0 0
fn=frexp
0 23 2 2 1 0 0 1 0 0
fn=fscanf
0 28084 5 3 1652 0 0 14868 0 0
fn=gettimeofday
0 14 1 1 1 0 0 5 0 0
fn=hack_digit.13622
0 4640 5 5 1552 0 0 688 0 0
fn=handle_intel.isra.0
0 108 4 4 15 0 0 28 0 0
fn=index
0 604 6 6 78 6 6 0 0 0
fn=init_cacheinfo
0 144 8 8 7 1 0 13 2 2
fn=init_tls
0 87 4 4 20 4 0 14 0 0
fn=intel_check_word
0 1098 6 6 122 8 8 24 0 0
fn=isinf
0 273 1 1 21 0 0 0 0 0
fn=isnan
0 147 2 2 21 0 0 0 0 0
fn=ldexp
0 34 3 3 4 0 0 4 0 0
fn=log
0 4 1 1 0 0 0 0 0 0
fn=log10
0 3387316 1 1 0 0 0 0 0 0
fn=malloc
0 6207 4 4 2029 4 1 554 0 0
fn=malloc_consolidate
0 651 5 5 3 0 0 257 32 32
fn=malloc_hook_ini
0 39 4 4 12 4 2 5 0 0
fn=map_doit
0 14 2 2 5 0 0 3 0 0
fn=match_symbol
0 2504 4 4 978 43 42 216 0 0
fn=memcpy
0 876 5 5 135 1 0 108 17 17
fn=memcpy@GLIBC_2.2.5
0 17 2 2 4 0 0 0 0 0
fn=mempcpy
0 1269 5 5 184 2 1 137 6 6
fn=memset
0 5058 1 0 21 0 0 4932 79 79
fn=mmap
0 132 5 4 22 0 0 0 0 0
fn=mprotect
0 60 1 1 12 0 0 0 0 0
fn=munmap
0 10 1 0 2 0 0 0 0 0
fn=open
0 162 3 2 23 0 0 14 0 0
fn=open_path
0 1258 14 14 414 0 0 154 2 2
fn=open_verify
0 198 12 12 41 6 6 20 1 1
fn=open_verify.constprop.8
0 1297 14 14 293 0 0 207 2 2
fn=openaux
0 187 1 1 88 0 0 33 0 0
fn=operator delete(void*)
0 15 0 0 0 0 0 0 0 0
fn=operator delete[](void*)
0 15 1 1 0 0 0 0 0 0
fn=operator new(unsigned long)
0 616 2 2 112 0 0 112 0 0
fn=operator new[](unsigned long)
0 224 1 1 56 1 0 56 0 0
fn=pow
0 960 2 2 144 0 0 144 0 0
fn=printf
0 672 6 3 72 2 0 408 0 0
fn=ptmalloc_init.part.8
0 607 6 6 204 59 2 15 4 2
fn=putchar
0 82 5 5 40 2 2 8 0 0
fn=puts
0 63 7 7 26 0 0 8 0 0
fn=read
0 33 2 1 9 0 0 0 0 0
fn=rindex
0 54 5 5 5 2 0 0 0 0
fn=rint
0 6 1 1 2 0 0 1 0 0
fn=rintf
0 6 2 2 2 0 0 1 0 0
fn=round_and_return
0 80631 14 10 11097 0 0 10245 1 1
fn=rtld_lock_default_lock_recursive
0 116 2 1 116 4 1 0 0 0
fn=rtld_lock_default_unlock_recursive
0 116 0 0 116 1 0 0 0 0
fn=sbrk
0 69 4 4 20 2 0 11 1 0
fn=scalbn
0 24 2 2 1 0 0 0 0 0
fn=sin
0 10 2 2 2 0 0 1 0 0
fn=sqrt
0 80428140 1 1 16085628 0 0 0 0 0
fn=std::error_category::~error_category()
0 3 0 0 3 0 0 0 0 0
fn=std::future_category()
0 16 3 3 2 1 1 3 0 0
fn=str_to_mpn.isra.0
0 125470 11 5 25129 2 2 16902 3 1
fn=strcasecmp
0 12 2 2 5 1 1 1 0 0
fn=strchrnul
0 1412 7 5 143 4 3 0 0 0
fn=strcmp
0 122698 1 1 36237 155 40 0 0 0
fn=strlen
0 22209 16 12 2754 3 2 0 0 0
fn=strncasecmp
0 11 3 3 5 0 0 0 0 0
fn=strsep
0 1760 1 1 549 0 0 4 0 0
fn=time
0 14 2 2 1 0 0 5 0 0
fn=uname
0 5 1 1 1 0 0 0 0 0
fn=version_check_doit
0 10 1 1 4 0 0 2 0 0
fn=vfprintf
0 10199 90 50 2859 15 3 2342 4 0
fn=vfscanf
0 3304 2 1 0 0 0 0 0 0
fn=write
0 52 2 1 26 0 0 0 0 0
summary: 29361942502 2298 1935 14257207241 10022 5806 1834906956 1822 1333
