O3+hv-->O1D+O2 3 0 8 1 2 0 0 0.16666667 7.27500
-24.99350000 -4.29702000 -6.69304000 15.59030000 -1.57387000 0.17058800 -9.02800000
2 
2 
6 6 
6 6
0 
3 2 
H2O2+hv-->OH+OH 3 1 8 1 2 0 0 0.16666667 7.27500
-49.49480000 0.32829000 -86.90160000 75.01510000 128.42700000 -215.28800000 -51.60260000
2 
2 
6 6 
6 6
11 
75 75
NO2+hv-->NO+O3 3 2 3 1 2 0 0 1.00000000 -7.27500
-2.74994000 -84.09170000 -86.90160000 75.01510000 128.42700000 -215.28800000 -48.60260000
6 
6 
2 2 
2 2
6 
5 0 
NO3+hv-->0.1NO+0.9NO2+0.9O3 3 3 3 1 3 0 0 1.00000000 -7.27500
21.75130000 -88.71700000 -6.69304000 15.59030000 -1.57387000 0.17058800 -6.02800000
6 
6 
2 2 2 
2 2 2 
7
5 6 0 
N2O5+hv-->NO2+NO3 2 0 4 1 2 0 0 1.00000000 7.16200
18.49770000 0.00482093 -33.25220000 3.33517000 -0.70171400 0.07819720 -2.80751000
2 
2 
8 8 
8 8
8
6 7 
HNO3+hv-->NO2+OH 2 1 4 1 2 0 0 1.00000000 7.16200
142.19100000 -89.16080000 2204.35000000 -2380.31000000 108.93100000 -5.31472000 1361.18000000
2 
2 
8 8 
8 8
9 
6 75 
HNO4+hv-->NO2+HO2 2 2 2 1 2 0 1 1.00000000 -7.16200
43.15870000 -83.10620000 -33.25220000 3.33517000 -0.70171400 0.07819720 -1.30751000
8 
8 
2 6 
2 6 
10 
6 76 
PAN+hv-->CH3COO2+NO2 2 3 2 1 2 0 1 1.00000000 -7.16200
166.85200000 -172.27200000 2204.35000000 -2380.31000000 108.93100000 -5.31472000 1362.68000000
8 
8 
2 6 
2 6 
28 
80 6 
CH3OOH+hv-->CH2O+OH+HO2 4 0 5 1 3 0 0 0.50000000 4.62100
61.28630000 0.00000000 -84.16500000 -1.56627000 -0.07360840 -0.07279700 -0.66666700
6 
6 
2 10 8
2 10 8
31 
21 75 76 
C2H5OOH+hv-->CH3CHO+OH+HO2 4 1 5 1 3 0 1 1.00000000 -4.62100
61.47480000 -53.62440000 -84.16500000 -1.56627000 -0.07360840 -0.07279700 -0.66666700
2
2 
6 6 6
6 6 6
32 
22 75 76
C3H7OOH+hv-->0.24C2H5O2+0.09CH3CHO+0.18CO+0.7CH3COCH3+OH+HO2 2 0 4 1 6 0 0 1.00000000 4.73400
39.03400000 -0.03586000 -34.34570000 -25.19390000 4.79855000 -1.46444000 6.34333000
2
2 
10 6 6 6 6 6 
10 6 6 6 6 6
33 
78 22 12 20 75 76 
CH3COCH3+hv-->CH3COO2+CH3O2 2 1 4 1 2 0 0 1.00000000 4.73400
84.55220000 -17.82140000 293.66400000 -384.97400000 20.23800000 -1.00379000 199.69300000
2
2 
10 6
10 6
20
80 77  
HOROOH+hv-->0.5CH3CHO+1.5CH2O+HO2+H2O 2 2 2 1 4 0 1 1.00000000 -4.73400
63.79150000 -54.97290000 -34.34570000 -25.19390000 4.79855000 -1.46444000 7.84333000
10 
10 
2 6 6 6
2 8 6 6
35 
22 21 76 95   
CH3COOOH+hv-->CH3O2+CO2+OH 2 3 2 1 3 0 1 1.00000000 -4.73400
109.31000000 -72.75840000 293.66400000 -384.97400000 20.23800000 -1.00379000 201.19300000
10 
10 
2 8 6
2 8 6
36 
77 96 75  
CH2O+hv-->CO+HO2+HO2 4 0 5 1 3 0 0 1.00000000 6.77100
48.53410000 0.37204000 -133.41300000 50.15720000 -3.15987000 0.01782510 -23.70270000
6
6 
2 12 6
2 12 6
21
12 76 76 
CH2O+hv-->CO+H2+H2 4 1 5 1 3 0 1 1.00000000 -6.77100
49.57380000 -78.20200000 -133.41300000 50.15720000 -3.15987000 0.01782510 -23.70270000
2 
2 
6 8 6
6 8 6
21 
12 97 97  
CH3CHO+hv-->CH3O2+CO+HO2 4 0 5 1 3 0 0 0.50000000 9.59300
97.24350000 -0.26851400 -119.32400000 -32.24970000 1.46214000 -0.20089300 13.21480000
8
8 
2 14 6
2 14 6
22 
77 12 76 
ISOOH+hv-->MACR+CH2O+OH+HO2 4 1 5 1 4 0 1 1.00000000 -9.59300
97.79040000 -111.59000000 -119.32400000 -32.24970000 1.46214000 -0.20089300 13.21480000
2
2 
8 8 6 6
8 8 6 6
34 
27 21 75 76  
ISON+hv-->NO2+MACR+CH2O+HO2 2 0 4 1 4 0 0 1.00000000 9.31200
32.15880000 -0.01514940 -44.64100000 -8.33867000 2.41631000 -0.77805600 1.93576000
2 
2 
12 6 6 6
12 6 6 6
30 
6 27 21 76
MACR+hv-->CH3COO2+CH2O+CO+HO2 2 1 4 1 4 0 0 1.00000000 9.31200
-291.64100000 -12.09660000 -63.37250000 394.64300000 -36.24320000 2.64060000 -121.21900000
2
2 
1 2 6 6
1 2 6 6
27 
80 21 12 76
MPAN+hv-->MACRO2+NO2 2 2 2 1 2 0 1 1.00000000 -9.31200
56.97810000 -108.07400000 -44.64100000 -8.33867000 2.41631000 -0.77805600 3.43576000
12 
12 
2 10 
2 10 
29 
85 6 
MACROOH+hv-->OH+0.5HACET+0.5CO+0.5MGLY+0.5CH2O+HO2 2 3 2 1 6 0 1 1.00000000 -9.31200
-266.82200000 -120.15600000 -63.37250000 394.64300000 -36.24320000 2.64060000 -119.71900000
12 
12 
2 10 6 6 6 6
2 10 6 6 6 6
37 
75 26 12 25 21 76  
HACET+hv-->CH3COO2+CH2O+HO2 4 0 5 1 3 0 0 1.00000000 12.02110
-308.90500000 -47.21750000 514.19700000 -200.89600000 -6.42713000 0.75825600 236.35900000
6
6 
2 14 6
2 14 6
26 
80 21 76 
MGLY+hv-->CH3COO2+CO+HO2 4 1 5 1 3 0 1 1.00000000 -12.02110
-307.76200000 -186.72200000 514.19700000 -200.89600000 -6.42713000 0.75825600 236.35900000
2
2 
6 10 6
6 10 6
25 
80 12 76
NALD+hv-->CH2O+CO+NO2+HO2 2 0 4 1 4 0 0 1.00000000 9.98400
497.16200000 -6.39560000 434.66700000 -994.28800000 65.63080000 -4.12503000 425.44600000
2
2 
1 4 6 6
1 4 6 6
24 
21 12 6 76 
O1D+O2-->O3+O2 2 1 4 2 2 0 0 1.00000000 9.98400
-9.10364000 -13.69790000 -51.64280000 68.46250000 -3.86512000 0.20802800 -33.57270000
2 12 
2 12 
1 4 
1 4 
3 2 
0 2 
O1D+N2-->O3+N2 2 2 2 2 2 0 1 1.00000000 -9.98400
522.02400000 -122.25800000 434.66700000 -994.28800000 65.63080000 -4.12503000 426.94600000
1 4 
1 4 
2 12 
2 12 
3 98 
0 98 
O1D+H2O-->OH+OH 2 3 2 2 2 0 1 1.00000000 -9.98400
15.75800000 -129.56000000 -51.64280000 68.46250000 -3.86512000 0.20802800 -32.07270000
1 4 
1 4 
2 12 
2 12 
0 95 
75 75 
O3+OH-->HO2+O2 2 0 4 2 2 0 0 1.00000000 6.94800
97.10066000 -3.32444600 53.58524000 -165.68300000 7.19999700 -0.28284430 79.33873000
2 14 
2 14 
1 6 
1 6 
0 75 
76 2 
O3+HO2-->OH+O2+O2 2 1 2 2 3 0 1 1.00000000 -6.94800
121.99240000 -83.95251000 53.58524000 -165.68300000 7.19999700 -0.28284430 80.83873000
1 6 
1 6 
2 1 4 
2 1 4 
0 76
75 2 2 
O3+NO-->NO2+O2 2 0 4 2 2 0 0 1.00000000 6.63900
-191.70050000 0.67979070 -338.47370000 550.16090000 -38.81261000 2.53000300 -243.23840000
2 16 
2 16 
18 6
18 6
0 5 
6 2 
O3+NO2-->NO3+O2 2 1 2 2 2 0 1 1.00000000 -6.63900
-166.78510000 -76.36248000 -338.47370000 550.16090000 -38.81261000 2.53000300 -241.73840000
1 8 
1 8 
2 16 
2 16 
0 6 
7 2 
OH+HO2-->H2O+O2 2 0 4 2 2 0 0 1.00000000 7.04000
-129.01400000 0.32520040 -332.27800000 468.77030000 -29.13671000 1.76598900 -222.45390000
2 18 
2 18 
2 6 
2 6 
75 76
95 2 
OH+H2O2-->H2O+HO2 2 1 2 2 2 0 1 1.00000000 -7.04000
-104.08000000 -81.37048000 -332.27800000 468.77030000 -29.13671000 1.76598900 -220.95390000
20 6
20 6 
2 18 
2 18 
75 11 
95 76 
HO2+NO-->NO2+OH 2 0 4 2 2 0 0 1.00000000 5.12700
-748.05560000 12.35853000 -1360.08200000 2199.10600000 -133.08030000 7.73455600 -1034.03600000
2 20 
2 20 
2 2 
2 2 
76 5 
6 75 
HO2+HO2-->H2O2+O2 2 1 2 2 2 0 1 1.00000000 -5.12700
-723.10650000 -47.13774000 -1360.08200000 2199.10600000 -133.08030000 7.73455600 -1032.53600000
2 2 
2 2 
2 20 
2 20 
76 76 
11 2 
OH+NO2+M-->HNO3+M 2 0 4 2 1 0 0 1.00000000 7.69200
-913.08370000 15.94906000 -1694.96000000 2711.84300000 -157.53530000 8.85642500 -1292.62000000
2 22 
2 22 
24 
24 
75 6 
9 
OH+HNO3-->NO3+H2O 2 1 2 2 2 0 1 1.00000000 -7.69200
-888.12220000 -73.31275000 -1694.96000000 2711.84300000 -157.53530000 8.85642500 -1291.12000000
2 4 
2 4 
2 22 
2 22 
75 9 
7 95 
NO2+NO3+M-->N2O5+M 2 0 4 2 1 0 0 1.00000000 7.93900
-929.10310000 20.57299000 -2039.67800000 3077.99800000 -171.57070000 9.38827100 -1509.29900000
2 24 
2 24 
26 
26 
6 7 
8 
N2O5+M-->NO2+NO3+M 2 1 2 1 2 0 1 1.00000000 -7.93900
-904.13110000 -71.55514000 -2039.67800000 3077.99800000 -171.57070000 9.38827100 -1507.79900000
26 
26 
2 24 
2 24 
8 
6 7 
N2O5+H2O-->HNO3+HNO3 2 0 4 2 2 0 0 1.00000000 7.99500
-1051.63300000 22.55988000 -2240.77600000 3416.33100000 -192.54350000 10.63188000 -1666.42700000
2 26 
2 26 
2 8 
2 8 
8 95 
9 9 
NO3+NO-->NO2+NO2 2 1 2 2 2 0 1 1.00000000 -7.99500
-1026.65200000 -70.21810000 -2240.77600000 3416.33100000 -192.54350000 10.63188000 -1664.92700000
2 8 
2 8 
2 26 
2 26 
7 5 
6 6 
NO2+HO2+M-->HNO4+M 2 0 4 2 1 0 0 1.00000000 2.70800
-1043.41000000 22.80261000 -2281.02700000 3453.87200000 -196.91940000 11.01885000 -1685.65700000
2 28 
2 28 
30 
30 
6 76 
10 
HNO4+M-->NO2+HO2+M 2 1 2 1 2 0 1 1.00000000 -2.70800
-1018.42100000 -8.62237800 -2281.02700000 3453.87200000 -196.91940000 11.01885000 -1684.15700000
30 
30 
2 28 
2 28 
10 
6 76 
HNO4+OH-->NO2+H2O+O2 2 0 4 2 3 0 0 1.00000000 2.66700
-876.44450000 24.33508000 -2362.56600000 3352.36300000 -183.32180000 10.00416000 -1686.78000000
2 30 
2 30 
3 2 3
3 2 3
10 75 
6 95 2
CH4+OH-->CH3O2+H2O 2 1 2 2 2 0 1 1.00000000 -2.66700
-851.44930000 -6.61412500 -2362.56600000 3352.36300000 -183.32180000 10.00416000 -1685.28000000
3 2 
3 2 
2 30 
2 30 
45 75 
77 95 
CH4+O1D-->CH3O2+OH 2 0 4 2 2 0 0 1.00000000 2.94200
-911.69630000 26.32198000 -2543.55000000 3570.93500000 -190.34910000 10.11438000 -1810.21700000
2 32 
2 32 
3 4 
3 4 
45 3
77 75 
CH3O2+NO-->CH2O+NO2+HO2 2 1 2 2 3 0 1 1.00000000 -2.94200
-886.69510000 -7.81846100 -2543.55000000 3570.93500000 -190.34910000 10.11438000 -1808.71700000
3 4 
3 4 
2 3 2 
2 3 2 
77 5 
21 6 76 
CH3O2+CH3O2-->1.8CH2O+0.6HO2 2 1 2 2 2 0 1 1.00000000 -2.94200
-886.69510000 -7.81846100 -2543.55000000 3570.93500000 -190.34910000 10.11438000 -1808.71700000
3 4 
3 4 
2 32 
2 32 
77 77
21 76 
CH3O2+HO2-->CH3OOH+O2 2 1 2 2 2 0 1 1.00000000 -2.94200
-886.69510000 -7.81846100 -2543.55000000 3570.93500000 -190.34910000 10.11438000 -1808.71700000
3 4 
3 4 
2 32 
2 32 
77 76 
31 2 
CH3OOH+OH-->0.7CH3O2+0.3CH2O+0.3OH+H2O 2 1 2 2 4 0 1 1.00000000 -2.94200
-886.69510000 -7.81846100 -2543.55000000 3570.93500000 -190.34910000 10.11438000 -1808.71700000
3 4 
3 4 
2 3 2 3
2 3 2 3 
31 75 
77 21 75 95 
CH2O+OH-->CO+HO2+H2O 2 1 2 2 3 0 1 1.00000000 -2.94200
-886.69510000 -7.81846100 -2543.55000000 3570.93500000 -190.34910000 10.11438000 -1808.71700000
3 4 
3 4 
2 3 2 
2 3 2 
21 75 
12 76 95 
CH2O+NO3-->HNO3+CO+HO2 2 1 2 2 3 0 1 1.00000000 -2.94200
-886.69510000 -7.81846100 -2543.55000000 3570.93500000 -190.34910000 10.11438000 -1808.71700000
3 4 
3 4 
2 3 2 
2 3 2 
21 7 
9 12 76
CO+OH-->CO2+HO2 2 1 2 2 2 0 1 1.00000000 -2.94200
-886.69510000 -7.81846100 -2543.55000000 3570.93500000 -190.34910000 10.11438000 -1808.71700000
3 4 
3 4 
2 32 
2 32 
12 75 
96 76 
C2H6+OH-->C2H5O2+H2O 2 1 2 2 2 0 1 1.00000000 -2.94200
-886.69510000 -7.81846100 -2543.55000000 3570.93500000 -190.34910000 10.11438000 -1808.71700000
3 4 
3 4 
2 32 
2 32 
13 75 
78 95
C2H5O2+NO-->CH3CHO+NO2+HO2 2 1 2 2 3 0 1 1.00000000 -2.94200
-886.69510000 -7.81846100 -2543.55000000 3570.93500000 -190.34910000 10.11438000 -1808.71700000
3 4 
3 4 
2 3 2 
2 3 2 
78 5 
22 6 76 
C2H5O2+HO2-->C2H5OOH+O2 2 1 2 2 2 0 1 1.00000000 -2.94200
-886.69510000 -7.81846100 -2543.55000000 3570.93500000 -190.34910000 10.11438000 -1808.71700000
3 4 
3 4 
2 32 
2 32 
78 76 
32 2
C2H5O2+CH3O2-->0.8CH3CHO+0.6HO2 2 1 2 2 2 0 1 1.00000000 -2.94200
-886.69510000 -7.81846100 -2543.55000000 3570.93500000 -190.34910000 10.11438000 -1808.71700000
3 4 
3 4 
2 32 
2 32 
78 77 
22 76 
C2H5OOH+OH-->0.286C2H5O2+0.714CH3CHO+0.714OH+H2O 2 1 2 2 4 0 1 1.00000000 -2.94200
-886.69510000 -7.81846100 -2543.55000000 3570.93500000 -190.34910000 10.11438000 -1808.71700000
3 4 
3 4 
2 3 2 3
2 3 2 3 
32 75
78 22 75 95 
C3H8+OH-->C3H7O2+H2O 2 1 2 2 2 0 1 1.00000000 -2.94200
-886.69510000 -7.81846100 -2543.55000000 3570.93500000 -190.34910000 10.11438000 -1808.71700000
3 4 
3 4 
2 32 
2 32 
14 75 
79 95
C3H7O2+NO-->NO2+0.24C2H5O2+0.09CH3CHO+0.18CO+0.7CH3COCH3+HO2 2 1 2 2 6 0 1 1.00000000 -2.94200
-886.69510000 -7.81846100 -2543.55000000 3570.93500000 -190.34910000 10.11438000 -1808.71700000
3 4 
3 4 
2 3 2 3 3 3
2 3 2 3 3 3 
79 5 
6 78 22 12 20 76 
C3H7O2+HO2-->C3H7OOH+O2 2 1 2 2 2 0 1 1.00000000 -2.94200
-886.69510000 -7.81846100 -2543.55000000 3570.93500000 -190.34910000 10.11438000 -1808.71700000
3 4 
3 4 
2 32 
2 32 
79 76 
33 2 
C3H7O2+CH3O2-->0.8C2H5O2+0.3CH3CHO+0.6CO+0.2CH3COCH3+HO2 2 1 2 2 5 0 1 1.00000000 -2.94200
-886.69510000 -7.81846100 -2543.55000000 3570.93500000 -190.34910000 10.11438000 -1808.71700000
3 4 
3 4 
2 3 2 3 3
2 3 2 3 3
79 77 
78 22 12 20 76 
C3H7OOH+OH-->0.157C3H7O2+0.142C2H5O2+0.053CH3CHO+0.106CO+0.666CH3COCH3+0.843OH+0.157H2O 2 1 2 2 7 0 1 1.00000000 -2.94200
-886.69510000 -7.81846100 -2543.55000000 3570.93500000 -190.34910000 10.11438000 -1808.71700000
3 4 
3 4 
2 3 2 3 3 3 3
2 3 2 3 3 3 3 
33 75 
79 78 22 12 20 75 95 
CH3COCH3+OH-->CH3COCH2O2+H2O 2 1 2 2 2 0 1 1.00000000 -2.94200
-886.69510000 -7.81846100 -2543.55000000 3570.93500000 -190.34910000 10.11438000 -1808.71700000
3 4 
3 4 
2 32 
2 32 
20 75 
81 95
CH3COCH2O2+NO-->NO2+CH3COO2+CH2O 2 1 2 2 3 0 1 1.00000000 -2.94200
-886.69510000 -7.81846100 -2543.55000000 3570.93500000 -190.34910000 10.11438000 -1808.71700000
3 4 
3 4 
2 3 2 
2 3 2 
81 5 
6 80 21 
CH3COCH2O2+NO3-->NO2+CH3COO2+CH2O 2 1 2 2 3 0 1 1.00000000 -2.94200
-886.69510000 -7.81846100 -2543.55000000 3570.93500000 -190.34910000 10.11438000 -1808.71700000
3 4 
3 4 
2 3 2 
2 3 2 
81 7 
6 80 21
CH3COCH2O2+HO2-->HACET+O2 2 1 2 2 2 0 1 1.00000000 -2.94200
-886.69510000 -7.81846100 -2543.55000000 3570.93500000 -190.34910000 10.11438000 -1808.71700000
3 4 
3 4 
2 32 
2 32 
81 76 
26 2 
HACET+OH-->0.323CH3COCH2O2+0.677MGLY+0.677OH 2 1 2 1 3 0 1 1.00000000 -2.94200
-886.69510000 -7.81846100 -2543.55000000 3570.93500000 -190.34910000 10.11438000 -1808.71700000
34 
34 
2 3 2 
2 3 2 
26 
81 25 75 
C2H4+OH+M-->HOC2H4O2+M 2 1 2 2 1 0 1 1.00000000 -2.94200
-886.69510000 -7.81846100 -2543.55000000 3570.93500000 -190.34910000 10.11438000 -1808.71700000
3 4 
3 4 
2 
2 
15 75 
82 
C2H4+O3-->CH2O+0.8CO+0.2OH+0.2HO2+0.1H2+0.2CO2+0.4H2O+0.8O2 2 1 2 2 7 0 1 1.00000000 -2.94200
-886.69510000 -7.81846100 -2543.55000000 3570.93500000 -190.34910000 10.11438000 -1808.71700000
3 4 
3 4 
2 3 2 3 3 3 3
2 3 2 3 3 3 3
15 0 
21 12 76 97 96 95 2 
HOC2H4O2+NO-->NO2+HO2+CH2O+CH2O 2 1 2 2 4 0 1 1.00000000 -2.94200
-886.69510000 -7.81846100 -2543.55000000 3570.93500000 -190.34910000 10.11438000 -1808.71700000
3 4 
3 4 
2 3 2 3
2 3 2 3 
82 5 
6 76 21 21 
HOC2H4O2+HO2-->HOROOH+O2 2 1 2 2 2 0 1 1.00000000 -2.94200
-886.69510000 -7.81846100 -2543.55000000 3570.93500000 -190.34910000 10.11438000 -1808.71700000
3 4 
3 4 
2 32 
2 32 
82 76 
35 2 
C3H6+OH+M-->HOC3H6O2+M 2 1 2 2 2 0 1 1.00000000 -2.94200
-886.69510000 -7.81846100 -2543.55000000 3570.93500000 -190.34910000 10.11438000 -1808.71700000
3 4 
3 4 
2 32 
2 32 
13 75 
0 14 
C3H6+O3-->0.5CH2O+0.5CH3CHO+0.36OH+0.3HO2+0.28CH3O2+0.56CO 2 1 2 2 6 0 1 1.00000000 -2.94200
-886.69510000 -7.81846100 -2543.55000000 3570.93500000 -190.34910000 10.11438000 -1808.71700000
3 4 
3 4 
2 3 2 3 3 3
2 3 2 3 3 3 
13 0 
21 22 75 76 77 12 
HOC3H6O2+NO-->NO2+CH3CHO+CH2O+HO2 2 1 2 2 4 0 1 1.00000000 -2.94200
-886.69510000 -7.81846100 -2543.55000000 3570.93500000 -190.34910000 10.11438000 -1808.71700000
3 4 
3 4 
2 3 2 3
2 3 2 3 
83 5 
6 22 21 76 
HOC3H6O2+HO2-->HOROOH+O2 2 1 2 2 2 0 1 1.00000000 -2.94200
-886.69510000 -7.81846100 -2543.55000000 3570.93500000 -190.34910000 10.11438000 -1808.71700000
3 4 
3 4 
2 32 
2 32 
83 76
35 2 
HOROOH+OH-->0.1HOC2H4O2+0.05HOC3H6O2+0.2CH3COO2+0.6CH2O+0.4CO+0.85OH+H2O 2 1 2 2 7 0 1 1.00000000 -2.94200
-886.69510000 -7.81846100 -2543.55000000 3570.93500000 -190.34910000 10.11438000 -1808.71700000
3 4 
3 4 
2 3 2 3 3 3 3
2 3 2 3 3 3 3 
15 75 
82 83 80 21 12 75 95 
ONMV+OH-->0.5C2H5O2+0.6ISO2 2 1 2 2 2 0 1 1.00000000 -2.94200
-886.69510000 -7.81846100 -2543.55000000 3570.93500000 -190.34910000 10.11438000 -1808.71700000
3 4 
3 4 
2 32 
2 32 
17 75 
78 84 
CH3CHO+OH-->CH3COO2+H2O 2 1 2 2 2 0 1 1.00000000 -2.94200
-886.69510000 -7.81846100 -2543.55000000 3570.93500000 -190.34910000 10.11438000 -1808.71700000
3 4 
3 4 
2 32 
2 32 
22 75 
80 95
CH3CHO+NO3-->CH3COO2+HNO3 2 1 2 2 2 0 1 1.00000000 -2.94200
-886.69510000 -7.81846100 -2543.55000000 3570.93500000 -190.34910000 10.11438000 -1808.71700000
3 4 
3 4 
2 32 
2 32 
22 7 
80 9
CH3COO2+NO-->NO2+CH3O2+CO2 2 1 2 2 3 0 1 1.00000000 -2.94200
-886.69510000 -7.81846100 -2543.55000000 3570.93500000 -190.34910000 10.11438000 -1808.71700000
3 4 
3 4 
2 3 2 
2 3 2 
80 5 
6 77 96  
CH3COO2+NO2+M-->PAN+M 2 1 2 2 1 0 1 1.00000000 -2.94200
-886.69510000 -7.81846100 -2543.55000000 3570.93500000 -190.34910000 10.11438000 -1808.71700000
3 4 
3 4 
2 
2 
80 6 
28 
PAN+M-->CH3COO2+NO2+M 2 1 2 1 2 0 1 1.00000000 -2.94200
-886.69510000 -7.81846100 -2543.55000000 3570.93500000 -190.34910000 10.11438000 -1808.71700000
34 
34 
2 32 
2 32 
28 
80 6 
CH3COO+HO2-->CH3COOOH+O2 2 1 2 2 2 0 1 1.00000000 -2.94200
-886.69510000 -7.81846100 -2543.55000000 3570.93500000 -190.34910000 10.11438000 -1808.71700000
3 4 
3 4 
2 32 
2 32 
100 76 
36 2 
CH3COO2+HO2-->CH3COOH+O3 2 1 2 2 2 0 1 1.00000000 -2.94200
-886.69510000 -7.81846100 -2543.55000000 3570.93500000 -190.34910000 10.11438000 -1808.71700000
3 4 
3 4 
2 32 
2 32 
80 76 
99 0 
CH3COOOH+OH-->CH3COO2+H2O 2 1 2 2 2 0 1 1.00000000 -2.94200
-886.69510000 -7.81846100 -2543.55000000 3570.93500000 -190.34910000 10.11438000 -1808.71700000
3 4 
3 4 
2 32 
2 32 
36 75 
80 95 
CH3COO2+CH3O2-->CH3O2+CH2O+HO2+CO2+O2 2 1 2 2 5 0 1 1.00000000 -2.94200
-886.69510000 -7.81846100 -2543.55000000 3570.93500000 -190.34910000 10.11438000 -1808.71700000
3 4 
3 4 
2 3 2 3 3
2 3 2 3 3
80 77 
77 21 76 96 2 
CH3COO2+CH3O2-->CH3COOH+CH2O+O2 2 1 2 2 3 0 1 1.00000000 -2.94200
-886.69510000 -7.81846100 -2543.55000000 3570.93500000 -190.34910000 10.11438000 -1808.71700000
3 4 
3 4 
2 3 2 
2 3 2 
80 77 
99 21 2 
CH3COO2+CH3COO2-->CH3O2+CH3O2+CO2+CO2+O2 2 1 2 2 5 0 1 1.00000000 -2.94200
-886.69510000 -7.81846100 -2543.55000000 3570.93500000 -190.34910000 10.11438000 -1808.71700000
3 4 
3 4 
2 3 2 3 3
2 3 2 3 3
80 80 
77 77 96 96 2 
C5H8+OH-->ISO2 2 1 2 2 1 0 1 1.00000000 -2.94200
-886.69510000 -7.81846100 -2543.55000000 3570.93500000 -190.34910000 10.11438000 -1808.71700000
3 4 
3 4 
2
2 
18 75 
84 
C5H8+O3-->0.65MACR+0.58CH2O+0.1MACRO2+0.1CH3COO2+0.08CH3O2+0.28HCOOH+0.14CO+0.09H2O2+0.25HO2+0.25OH 2 1 2 2 10 0 1 1.00000000 -2.94200
-886.69510000 -7.81846100 -2543.55000000 3570.93500000 -190.34910000 10.11438000 -1808.71700000
3 4 
3 4 
2 3 2 3 3 3 3 3 3 3 
2 3 2 3 3 3 3 3 3 3
18 0 
27 21 85 80 77 101 12 11 76 75 
C5H8+NO3-->ISON 2 1 2 2 1 0 1 1.00000000 -2.94200
-886.69510000 -7.81846100 -2543.55000000 3570.93500000 -190.34910000 10.11438000 -1808.71700000
3 4 
3 4 
2 
2 
18 7 
30 
ISO2+NO-->0.956NO2+0.956MACR+0.956CH2O+0.956HO2+0.044ISON 2 1 2 2 5 0 1 1.00000000 -2.94200
-886.69510000 -7.81846100 -2543.55000000 3570.93500000 -190.34910000 10.11438000 -1808.71700000
3 4 
3 4 
2 3 2 3 3
2 3 2 3 3 
84 5 
6 27 21 76 30 
ISO2+HO2-->ISOOH 2 1 2 2 1 0 1 1.00000000 -2.94200
-886.69510000 -7.81846100 -2543.55000000 3570.93500000 -190.34910000 10.11438000 -1808.71700000
3 4 
3 4 
2 
2 
84 76 
34 
ISO2+ISO2-->MACR+MACR+CH2O+HO2 2 1 2 2 4 0 1 1.00000000 -2.94200
-886.69510000 -7.81846100 -2543.55000000 3570.93500000 -190.34910000 10.11438000 -1808.71700000
3 4 
3 4 
2 3 2 3
2 3 2 3 
84 84 
27 27 21 76 
ISON+OH-->ACETOL+NALD 2 1 2 2 2 0 1 1.00000000 -2.94200
-886.69510000 -7.81846100 -2543.55000000 3570.93500000 -190.34910000 10.11438000 -1808.71700000
3 4 
3 4 
2 32 
2 32 
30 75 
102 24 
MACR+OH-->MACRO2 2 1 2 2 2 0 1 1.00000000 -2.94200
-886.69510000 -7.81846100 -2543.55000000 3570.93500000 -190.34910000 10.11438000 -1808.71700000
3 4 
3 4 
2 32 
2 32 
27 75
85 14 
MACR+O3-->0.9MGLY+0.45HCOOH+0.32HO2+0.22CO+0.19OH+0.1CH3COO2 2 1 2 2 6 0 1 1.00000000 -2.94200
-886.69510000 -7.81846100 -2543.55000000 3570.93500000 -190.34910000 10.11438000 -1808.71700000
3 4 
3 4 
2 3 2 3 3 3
2 3 2 3 3 3 
27 0 
25 101 76 12 75 80 
MACRO2+NO-->NO2+0.25HACET+0.25CO+0.25CH3COO2+0.5MGLY+0.75CH2O+0.75HO2 2 1 2 2 7 0 1 1.00000000 -2.94200
-886.69510000 -7.81846100 -2543.55000000 3570.93500000 -190.34910000 10.11438000 -1808.71700000
3 4 
3 4 
2 3 2 3 3 2 3
2 3 2 3 3 3 3 
85 5 
6 26 12 80 25 21 76 
MACRO2+HO2-->MACROOH 2 1 2 2 1 0 1 1.00000000 -2.94200
-886.69510000 -7.81846100 -2543.55000000 3570.93500000 -190.34910000 10.11438000 -1808.71700000
3 4 
3 4 
2 
2 
85 76 
37 
MACRO2+MACRO2-->HACET+MGLY+0.5CH2O+0.5CO 2 1 2 2 4 0 1 1.00000000 -2.94200
-886.69510000 -7.81846100 -2543.55000000 3570.93500000 -190.34910000 10.11438000 -1808.71700000
3 4 
3 4 
2 3 2 3
2 3 2 3 
85 85
26 25 21 12 
MACRO2+NO2+M-->MPAN+M 2 1 2 2 1 0 1 1.00000000 -2.94200
-886.69510000 -7.81846100 -2543.55000000 3570.93500000 -190.34910000 10.11438000 -1808.71700000
3 4 
3 4 
2 
2 
85 6 
29 
MPAN+M-->MACRO2+NO2+M 2 1 2 1 2 0 1 1.00000000 -2.94200
-886.69510000 -7.81846100 -2543.55000000 3570.93500000 -190.34910000 10.11438000 -1808.71700000
34 
34 
2 32 
2 32 
29 
85 6 
MPAN+OH-->ACETOL+NO2 2 1 2 2 2 0 1 1.00000000 -2.94200
-886.69510000 -7.81846100 -2543.55000000 3570.93500000 -190.34910000 10.11438000 -1808.71700000
3 4 
3 4 
2 32 
2 32 
29 75 
102 6 
MACROOH+OH-->MACRO2+H2O 2 1 2 2 2 0 1 1.00000000 -2.94200
-886.69510000 -7.81846100 -2543.55000000 3570.93500000 -190.34910000 10.11438000 -1808.71700000
3 4 
3 4 
2 32 
2 32 
37 75 
85 95 
MGLY+OH-->CH3COO2+CO 2 1 2 2 2 0 1 1.00000000 -2.94200
-886.69510000 -7.81846100 -2543.55000000 3570.93500000 -190.34910000 10.11438000 -1808.71700000
3 4 
3 4 
2 32 
2 32 
25 75
80 12 
MGLY+NO3-->CH3COO2+CO+HNO3 2 1 2 2 3 0 1 1.00000000 -2.94200
-886.69510000 -7.81846100 -2543.55000000 3570.93500000 -190.34910000 10.11438000 -1808.71700000
3 4 
3 4 
2 3 2 
2 3 2 
25 7 
80 12 9 
NALD+OH-->CH2O+CO+NO2 2 1 2 2 3 0 1 1.00000000 -2.94200
-886.69510000 -7.81846100 -2543.55000000 3570.93500000 -190.34910000 10.11438000 -1808.71700000
3 4 
3 4 
2 3 2 
2 3 2 
24 75 
21 12 6 
C10H16+OH-->1.5ISO2+CH3COCH3 2 1 2 2 2 0 1 1.00000000 -2.94200
-886.69510000 -7.81846100 -2543.55000000 3570.93500000 -190.34910000 10.11438000 -1808.71700000
3 4 
3 4 
2 32 
2 32 
19 75 
84 20 
C10H16+O3-->1.3MACR+1.16CH2O+0.2MACRO2+0.2CH3COO2+0.16CH3O2+0.56HCOOH+0.28CO+0.18H2O2+0.5HO2+0.5OH 2 1 2 2 10 0 1 1.00000000 -2.94200
-886.69510000 -7.81846100 -2543.55000000 3570.93500000 -190.34910000 10.11438000 -1808.71700000
3 4 
3 4 
2 3 2 4 4 4 4 4 4 4
2 3 2 4 4 4 4 4 4 4 
19 0 
27 21 85 80 77 101 12 11 76 75 
C10H16+NO3-->1.2ISO2+NO2 2 1 2 2 2 0 1 1.00000000 -2.94200
-886.69510000 -7.81846100 -2543.55000000 3570.93500000 -190.34910000 10.11438000 -1808.71700000
3 4 
3 4 
2 32 
2 32 
19 7 
84 6 
