he4+he4+he4-->c12 3 0 8 3 1 0 0 0.16666667 7.27500
-24.99350000 -4.29702000 -6.69304000 15.59030000 -1.57387000 0.17058800 -9.02800000
2 2 2 
2 2 2 
6 
6 
0 0 0 
1 
he4+he4+he4-->c12 3 1 8 3 1 0 0 0.16666667 7.27500
-49.49480000 0.32829000 -86.90160000 75.01510000 128.42700000 -215.28800000 -51.60260000
2 2 2 
2 2 2 
6 
6 
0 0 0 
1 
c12-->he4+he4+he4 3 2 3 1 3 0 0 1.00000000 -7.27500
-2.74994000 -84.09170000 -86.90160000 75.01510000 128.42700000 -215.28800000 -48.60260000
6 
6 
2 2 2 
2 2 2 
1 
0 0 0 
c12-->he4+he4+he4 3 3 3 1 3 0 0 1.00000000 -7.27500
21.75130000 -88.71700000 -6.69304000 15.59030000 -1.57387000 0.17058800 -6.02800000
6 
6 
2 2 2 
2 2 2 
1 
0 0 0 
he4+c12-->o16 2 0 4 2 1 0 0 1.00000000 7.16200
18.49770000 0.00482093 -33.25220000 3.33517000 -0.70171400 0.07819720 -2.80751000
2 6 
2 6 
8 
8 
0 1 
2 
he4+c12-->o16 2 1 4 2 1 0 0 1.00000000 7.16200
142.19100000 -89.16080000 2204.35000000 -2380.31000000 108.93100000 -5.31472000 1361.18000000
2 6 
2 6 
8 
8 
0 1 
2 
o16-->he4+c12 2 2 2 1 2 0 1 1.00000000 -7.16200
43.15870000 -83.10620000 -33.25220000 3.33517000 -0.70171400 0.07819720 -1.30751000
8 
8 
2 6 
2 6 
2 
0 1 
o16-->he4+c12 2 3 2 1 2 0 1 1.00000000 -7.16200
166.85200000 -172.27200000 2204.35000000 -2380.31000000 108.93100000 -5.31472000 1362.68000000
8 
8 
2 6 
2 6 
2 
0 1 
