O3+hv(+O2)-->O1D+O2 fjo3a 3 0 8 2 2 0 0 2 1.00000000 7.27500
0.0 0.0 0 0 0 0 0 0 0 0 0 0 1 0 0 0 0 0 0
1 1 
1 1 
0 2
3 2 
H2O2+hv-->OH+OH fjh2o2 3 1 8 1 2 0 0 2 1.00000000 7.27500
0 0 0 0 0 0 0 0 0 0 0 0 1 0 0 0 0 0 0
1 
1 1 
11 
75 75
NO2+hv(+O2)-->NO+O3 fjno2 3 2 3 2 2 0 0 2 1.00000000 -7.27500
0 0 0 0 0 0 0 0 0 0 0 0 1 0 0 0 0 0 0
1 1 
1 1 
6 2
5 0 
NO3+hv(+O2)-->NO2+O3 1 3 2 3 2 2 0 0 2 1.00000000 -7.27500
0 0 0 0 0 0 0 0 0 0 0 0 1 0 0 0 0 0 0
1 1 
1 1 
7 2
6 0 
NO3+hv-->0.1NO+0.9NO2+0.9O3 0.1*fjno3a+0.9*fjno3b 3 3 3 1 3 0 0 2 1.00000000 -7.27500
0 0 0 0 0 0 0 0 0 0 0 0 1 0 0 0 0 0 0
1 
0.1 0.9 0.9 
7
5 6 0 
N2O5+hv-->NO2+NO3 1 2 0 4 1 2 0 0 2 1.00000000 7.16200
0 0 0 0 0 0 0 0 0 0 0 0 1 0 0 0 0 0 0
1 
1 1 
8
6 7 
HNO3+hv-->NO2+OH fjhno3 2 1 4 1 2 0 0 2 1.00000000 7.16200
0 0 0 0 0 0 0 0 0 0 0 0 1 0 0 0 0 0 0
1 
1 1 
9 
6 75 
HNO4+hv-->NO2+HO2 fjho2no2 2 2 2 1 2 0 1 2 1.00000000 -7.16200
0 0 0 0 0 0 0 0 0 0 0 0 1 0 0 0 0 0 0
1 
1 1 
10 
6 76 
PAN+hv-->CH3COO2+NO2 1 2 3 2 1 2 0 1 2 1.00000000 -7.16200
0 0 0 0 0 0 0 0 0 0 0 0 1 0 0 0 0 0 0
1 
1 1 
28 
80 6 
CH3OOH+hv-->CH2O+OH+HO2 fjch3ooh 4 0 5 1 3 0 0 2 1.00000000 4.62100
0 0 0 0 0 0 0 0 0 0 0 0 1 0 0 0 0 0 0
1 
1 1 1 
31 
21 75 76 
C2H5OOH+hv-->CH3CHO+OH+HO2 fjch3ooh 4 1 5 1 3 0 1 2 1.00000000 -4.62100
0 0 0 0 0 0 0 0 0 0 0 0 1 0 0 0 0 0 0
1 
1 1 1 
32 
22 75 76
C3H7OOH+hv-->0.24C2H5O2+0.09CH3CHO+0.18CO+0.7CH3COCH3+OH+HO2 fjch3ooh 2 0 4 1 6 0 0 2 1.00000000 4.73400
0 0 0 0 0 0 0 0 0 0 0 0 1 0 0 0 0 0 0
1 
0.24 0.09 0.18 0.7 1 1 
33 
78 22 12 20 75 76 
CH3COCH3+hv-->CH3COO2+CH3O2 fjacet 2 1 4 1 2 0 0 2 1.00000000 4.73400
0 0 0 0 0 0 0 0 0 0 0 0 1 0 0 0 0 0 0
1 
1 1 
20
80 77  
HOROOH+hv-->0.5CH3CHO+1.5CH2O+HO2+H2O fjch3ooh 2 2 2 1 4 0 1 2 1.00000000 -4.73400
0 0 0 0 0 0 0 0 0 0 0 0 1 0 0 0 0 0 0
1 
1 1 1 1 
35 
22 21 76 95   
CH3COOOH+hv-->CH3O2+CO2+OH fjpaa 2 3 2 1 3 0 1 2 1.00000000 -4.73400
0 0 0 0 0 0 0 0 0 0 0 0 1 0 0 0 0 0 0
1 
1 1 1 
36 
77 96 75  
CH2O+hv-->CO+HO2+HO2 fjhchoa 4 0 5 1 3 0 0 2 1.00000000 6.77100
0 0 0 0 0 0 0 0 0 0 0 0 1 0 0 0 0 0 0
1 
1 1 1 
21
12 76 76 
CH2O+hv-->CO+H2+H2 fjhchob 4 1 5 1 3 0 1 2 1.00000000 -6.77100
0 0 0 0 0 0 0 0 0 0 0 0 1 0 0 0 0 0 0
1 
1 1 1 
21 
12 97 97  
CH3CHO+hv-->CH3O2+CO+HO2 fjch3cho 4 0 5 1 3 0 0 2 1.00000000 9.59300
0 0 0 0 0 0 0 0 0 0 0 0 1 0 0 0 0 0 0
1 
1 1 1 
22 
77 12 76 
ISOOH+hv-->MACR+CH2O+OH+HO2 fjch3ooh 4 1 5 1 4 0 1 2 1.00000000 -9.59300
0 0 0 0 0 0 0 0 0 0 0 0 1 0 0 0 0 0 0
1 
1 1 1 1 
34 
27 21 75 76  
ISON+hv-->NO2+MACR+CH2O+HO2 fjnoaa 2 0 4 1 4 0 0 2 1.00000000 9.31200
0 0 0 0 0 0 0 0 0 0 0 0 1 0 0 0 0 0 0
1 
1 1 1 1 
30 
6 27 21 76
MACR+hv-->CH3COO2+CH2O+CO+HO2 fjmacra+fjmacrb 2 1 4 1 4 0 0 2 1.00000000 9.31200
0 0 0 0 0 0 0 0 0 0 0 0 1 0 0 0 0 0 0
1 
1 1 1 1 
27 
80 21 12 76
MPAN+hv-->MACRO2+NO2 1 2 2 2 1 2 0 1 2 1.00000000 -9.31200
0 0 0 0 0 0 0 0 0 0 0 0 1 0 0 0 0 0 0
1 
1 1 
29 
85 6 
MACROOH+hv-->OH+0.5HACET+0.5CO+0.5MGLY+0.5CH2O+HO2 fjch3ooh 2 3 2 1 6 0 1 2 1.00000000 -9.31200
0 0 0 0 0 0 0 0 0 0 0 0 1 0 0 0 0 0 0
1 
1 0.5 0.5 0.5 0.5 1 
37 
75 26 12 25 21 76  
HACET+hv-->CH3COO2+CH2O+HO2 fjacetol 4 0 5 1 3 0 0 2 1.00000000 12.02110
0 0 0 0 0 0 0 0 0 0 0 0 1 0 0 0 0 0 0
1 
1 1 1 
26 
80 21 76 
MGLY+hv-->CH3COO2+CO+HO2 fjmglyox 4 1 5 1 3 0 1 2 1.00000000 -12.02110
0 0 0 0 0 0 0 0 0 0 0 0 1 0 0 0 0 0 0
1 
1 1 1 
25 
80 12 76
NALD+hv-->CH2O+CO+NO2+HO2 1 2 0 4 1 4 0 0 2 1.00000000 9.98400
0 0 0 0 0 0 0 0 0 0 0 0 1 0 0 0 0 0 0
1 
1 1 1 1 
24 
21 12 6 76 
O1D+O2-->O3+O2 0 2 1 4 2 2 0 0 0 1.00000000 9.98400
0 0 3.20E-11 0 0 0 0 0 70 0 0 0 1 0 1 0 1 1 0
1 1 
1 1  
3 2 
0 2 
O1D+N2-->O3+N2 0 2 2 2 2 2 0 1 0 1.00000000 -9.98400
0 0 1.80E-11 0 0 0 0 0 110 0 0 0 1 0 1 0 1 1 0
1 1 
1 1 
3 98 
0 98 
O1D+H2O-->OH+OH 0 2 3 2 2 2 0 1 0 1.00000000 -9.98400
2.20E-10 0 0 0 0 0 0 0 0 0 0 0 1 0 1 0 1 1 0
1 1 
1 1 
3 95 
75 75 
O3+OH-->HO2+O2 0 2 0 4 2 2 0 0 0 1.00000000 6.94800
0 0 1.50E-12 0 0 0 0 0 -880 0 0 0 1 0 1 0 1 1 0
1 1 
1 1 
0 75 
76 2 
O3+HO2-->OH+O2+O2 0 2 1 2 2 3 0 1 0 1.00000000 -6.94800
0 0 2.00E-14 0 0 0 0 0 -680 0 0 0 1 0 1 0 1 1 0
1 1 
1 1 1 
0 76
75 2 2 
O3+NO-->NO2+O2 0 2 0 4 2 2 0 0 0 1.00000000 6.63900
0 0 3.00E-12 0 0 0 0 0 -1500 0 0 0 1 0 1 0 1 1 0
1 1 
1 1 
0 5 
6 2 
O3+NO2-->NO3+O2 0 2 1 2 2 2 0 1 0 1.00000000 -6.63900
0 0 1.20E-13 0 0 0 0 0 -2450 0 0 0 1 0 1 0 1 1 0
1 1 
1 1 
0 6 
7 2 
OH+HO2-->H2O+O2 0 2 0 4 2 2 0 0 0 1.00000000 7.04000
0 0 4.80E-11 0 0 0 0 0 250 0 0 0 1 0 1 0 1 1 0
1 1 
1 1 
75 76
95 2 
OH+H2O2-->H2O+HO2 0 2 1 2 2 2 0 1 0 1.00000000 -7.04000
0 0 2.90E-12 0 0 0 0 0 -160 0 0 0 1 0 1 0 1 1 0
1 1 
1 1 
75 11 
95 76 
HO2+NO-->NO2+OH 0 2 0 4 2 2 0 0 0 1.00000000 5.12700
0 0 3.50E-12 0 0 0 0 0 250 0 0 0 1 0 1 0 1 1 0
1 1 
1 1 
76 5 
6 75 
HO2+HO2-->H2O2+O2 0 2 1 2 2 2 0 1 0 1.00000000 -5.12700
0 1.40E-21 1.70E-33 0 2.30E-13 0 0 2200 1000 0 600 0 1 0 0 1 1 1 0 
1 1 
1 1 
76 76 
11 2 
OH+NO2+M-->HNO3+M 0 2 0 4 2 1 0 0 1 1.00000000 7.69200
2.40E-30 1.70E-11 0.6 300 300 3.1 2.1 0 0 0 0 0 0 0 0 0 0 0 0
1 1 
1 
75 6 
9 
OH+HNO3-->NO3+H2O 0 2 1 2 2 2 0 1 0 1.00000000 -7.69200
0 0 6.50E-34 2.70E-17 2.40E-14 0 0 0 1335 2199 460 0 1 1 0 1 -1 1 0
1 1 
1 1 
75 9 
7 95 
NO2+NO3+M-->N2O5+M 0 2 0 4 2 1 0 0 1 1.00000000 7.93900
2.00E-30 1.40E-12 0.6 300 300 4.4 0.7 0 0 0 0 0 0 0 0 0 0 0 0
1 1 
1 
6 7 
8 
N2O5+M-->NO2+NO3+M 0 2 1 2 1 2 0 1 1 1.00000000 -7.93900
2.70E-27 11000 0 0 0 0 0 0 0 0 0 0 0 0 0 0 0 0 0
1 
1 1 
8 
6 7 
N2O5+H2O-->HNO3+HNO3 0 2 0 4 2 2 0 0 0 1.00000000 7.99500
2.10E-21 0 0 0 0 0 0 0 0 0 0 0 1 0 1 0 1 1 0
1 1 
1 1 
8 95 
9 9 
NO3+NO-->NO2+NO2 0 2 1 2 2 2 0 1 0 1.00000000 -7.99500
0 0 1.50E-11 0 0 0 0 0 170 0 0 0 1 0 1 0 1 1 0
1 1 
1 1 
7 5 
6 6 
NO2+HO2+M-->HNO4+M 0 2 0 4 2 1 0 0 1 1.00000000 2.70800
1.80E-31 4.70E-12 0.6 300 300 3.2 1.4 0 0 0 0 0 0 0 0 0 0 0 0
1 1 
1 
6 76 
10 
HNO4+M-->NO2+HO2+M 0 2 1 2 1 2 0 1 1 1.00000000 -2.70800
2.10E-27 10900 0 0 0 0 0 0 0 0 0 0 0 0 0 0 0 0 0
1 
1 1 
10 
6 76 
HNO4+OH-->NO2+H2O+O2 0 2 0 4 2 3 0 0 0 1.00000000 2.66700
0 0 1.30E-12 0 0 0 0 0 380 0 0 0 1 0 1 0 1 1 0
1 1 
1 1 1 
10 75 
6 95 2
CH4+OH-->CH3O2+H2O 0 2 1 2 2 2 0 1 0 1.00000000 -2.66700
0 0 2.45E-12 0 0 0 0 0 -1775 0 0 0 1 0 1 0 1 1 0
1 1 
1 1 
45 75 
77 95 
CH4+O1D-->CH3O2+OH 0 2 0 4 2 2 0 0 0 1.00000000 2.94200
1.50E-10 0 0 0 0 0 0 0 0 0 0 0 1 0 1 0 1 1 0
1 1 
1 1 
45 3
77 75 
CH3O2+NO-->CH2O+NO2+HO2 0 2 1 2 2 3 0 1 0 1.00000000 -2.94200
0 0 3.00E-12 0 0 0 0 0 280 0 0 0 1 0 1 0 1 1 0
1 1 
1 1 1 
77 5 
21 6 76 
CH3O2+CH3O2-->1.8CH2O+0.6HO2 0 2 1 2 2 2 0 1 0 1.00000000 -2.94200
0 0 2.50E-13 0 0 0 0 0 190 0 0 0 1 0 1 0 1 1 0
1 1 
1.8 0.6 
77 77
21 76 
CH3O2+HO2-->CH3OOH+O2 0 2 1 2 2 2 0 1 0 1.00000000 -2.94200
0 0 3.80E-13 0 0 0 0 0 800 0 0 0 1 0 1 0 1 1 0
1 1 
1 1 
77 76 
31 2 
CH3OOH+OH-->0.7CH3O2+0.3CH2O+0.3OH+H2O 0 2 1 2 2 4 0 1 0 1.00000000 -2.94200
0 0 3.80E-12 0 0 0 0 0 200 0 0 0 1 0 1 0 1 1 0
1 1 
0.7 0.3 0.3 1 
31 75 
77 21 75 95 
CH2O+OH-->CO+HO2+H2O 0 2 1 2 2 3 0 1 0 1.00000000 -2.94200
1.00E-11 0 0 0 0 0 0 0 0 0 0 0 1 0 1 0 1 1 0
1 1 
1 1 1 
21 75 
12 76 95 
CH2O+NO3-->HNO3+CO+HO2 0 2 1 2 2 3 0 1 0 1.00000000 -2.94200
0 0 6.00E-13 0 0 0 0 0 -2058 0 0 0 1 0 1 0 1 1 0
1 1 
1 1 1 
21 7 
9 12 76
CO+OH-->CO2+HO2 0 2 1 2 2 2 0 1 0 1.00000000 -2.94200
0 0 0 0 0 0 1.50E-13 0 0 0 0 0 1 0 0 0 1 0 0.6
1 1 
1 1 
12 75 
96 76 
C2H6+OH-->C2H5O2+H2O 0 2 1 2 2 2 0 1 0 1.00000000 -2.94200
0 0 8.70E-12 0 0 0 0 0 -1070 0 0 0 1 0 1 0 1 1 0
1 1 
1 1 
13 75 
78 95
C2H5O2+NO-->CH3CHO+NO2+HO2 0 2 1 2 2 3 0 1 0 1.00000000 -2.94200
0 0 2.60E-12 0 0 0 0 0 365 0 0 0 1 0 1 0 1 1 0
1 1 
1 1 1 
78 5 
22 6 76 
C2H5O2+HO2-->C2H5OOH+O2 0 2 1 2 2 2 0 1 0 1.00000000 -2.94200
0 0 7.50E-13 0 0 0 0 0 700 0 0 0 1 0 1 0 1 1 0
1 1 
1 1 
78 76 
32 2
C2H5O2+CH3O2-->0.8CH3CHO+0.6HO2 0 2 1 2 2 2 0 1 0 1.00000000 -2.94200
3.10E-13 0 0 0 0 0 0 0 0 0 0 0 1 0 1 0 1 1 0
1 1 
0.8 0.6 
78 77 
22 76 
C2H5OOH+OH-->0.286C2H5O2+0.714CH3CHO+0.714OH+H2O 0 2 1 2 2 4 0 1 0 1.00000000 -2.94200
0 0 1.13E-11 0 0 0 0 0 55 0 0 0 1 0 1 0 1 1 0
1 1 
0.286 0.714 0.714 1 
32 75
78 22 75 95 
C3H8+OH-->C3H7O2+H2O 0 2 1 2 2 2 0 1 0 1.00000000 -2.94200
0 0 0 0 0 1.50E-17 0 0 0 0 0 -44 1 0 0 0 1 0 0
1 1 
1 1 
14 75 
79 95
C3H7O2+NO-->NO2+0.24C2H5O2+0.09CH3CHO+0.18CO+0.7CH3COCH3+HO2 0 2 1 2 2 6 0 1 0 1.00000000 -2.94200
0 0 2.60E-17 0 0 0 0 0 360 0 0 0 1 0 1 0 1 1 0
1 1 
1 0.24 0.09 0.18 0.7 1 
79 5 
6 78 22 12 20 76 
C3H7O2+HO2-->C3H7OOH+O2 0 2 1 2 2 2 0 1 0 1.00000000 -2.94200
0 0 1.51E-13 0 0 0 0 0 1300 0 0 0 1 0 1 0 1 1 0
1 1 
1 1 
79 76 
33 2 
C3H7O2+CH3O2-->0.8C2H5O2+0.3CH3CHO+0.6CO+0.2CH3COCH3+HO2 0 2 1 2 2 5 0 1 0 1.00000000 -2.94200
2.00E-13 0 0 0 0 0 0 0 0 0 0 0 1 0 1 0 1 1 0
1 1 
0.8 0.3 0.6 0.2 1 
79 77 
78 22 12 20 76 
C3H7OOH+OH-->0.157C3H7O2+0.142C2H5O2+0.053CH3CHO+0.106CO+0.666CH3COCH3+0.843OH+0.157H2O 0 2 1 2 2 7 0 1 0 1.00000000 -2.94200
2.55E-11 0 0 0 0 0 0 0 0 0 0 0 1 0 1 0 1 1 0
1 1 
0.157 0.142 0.053 0.106 0.666 0.843 0.157 
33 75 
79 78 22 12 20 75 95 
CH3COCH3+OH-->CH3COCH2O2+H2O 0 2 1 2 2 2 0 1 0 1.00000000 -2.94200
0 0 0 0 0 5.34E-18 0 0 0 0 0 -230 1 0 0 0 1 0 0
1 1 
1 1 
20 75 
81 95
CH3COCH2O2+NO-->NO2+CH3COO2+CH2O 0 2 1 2 2 3 0 1 0 1.00000000 -2.94200
0 0 2.54E-12 0 0 0 0 0 360 0 0 0 1 0 1 0 1 1 0
1 1 
1 1 1 
81 5 
6 80 21 
CH3COCH2O2+NO3-->NO2+CH3COO2+CH2O 0 2 1 2 2 3 0 1 0 1.00000000 -2.94200
2.50E-12 0 0 0 0 0 0 0 0 0 0 0 1 0 1 0 1 1 0
1 1 
1 1 1 
81 7 
6 80 21
CH3COCH2O2+HO2-->HACET+O2 0 2 1 2 2 2 0 1 0 1.00000000 -2.94200
0 0 1.36E-13 0 0 0 0 0 1250 0 0 0 1 0 1 0 1 1 0
1 1 
1 1 
81 76 
26 2 
HACET+OH-->0.323CH3COCH2O2+0.677MGLY+0.677OH 0 2 1 2 2 3 0 1 0 1.00000000 -2.94200
9.20E-12 0 0 0 0 0 0 0 0 0 0 0 1 0 1 0 1 1 0
1 1
0.323 0.677 0.677 
26 75
81 25 75 
C2H4+OH+M-->HOC2H4O2+M 0 2 1 2 2 1 0 1 1 1.00000000 -2.94200
1.00E-28 8.80E-12 0.6 300 1 0.8 0 0 0 0 0 0 0 0 0 0 0 0 0
1 1 
1 
15 75 
82 
C2H4+O3-->CH2O+0.8CO+0.2OH+0.2HO2+0.1H2+0.2CO2+0.4H2O+0.8O2 0 2 1 2 2 8 0 1 0 1.00000000 -2.94200
0 0 1.20E-14 0 0 0 0 0 -2630 0 0 0 1 0 1 0 1 1 0
1 1 
1 0.8 0.2 0.2 0.1 0.2 0.4 0.8 
15 0 
21 12 75 76 97 96 95 2 
HOC2H4O2+NO-->NO2+HO2+CH2O+CH2O 0 2 1 2 2 4 0 1 0 1.00000000 -2.94200
9.00E-12 0 0 0 0 0 0 0 0 0 0 0 1 0 1 0 1 1 0
1 1 
1 1 1 1 
82 5 
6 76 21 21 
HOC2H4O2+HO2-->HOROOH+O2 0 2 1 2 2 2 0 1 0 1.00000000 -2.94200
0 0 6.50E-13 0 0 0 0 0 650 0 0 0 1 0 1 0 1 1 0
1 1 
1 1 
82 76 
35 2 
C3H6+OH+M-->HOC3H6O2+M 0 2 1 2 2 1 0 1 1 1.00000000 -2.94200
8.00E-27 3.00E-11 0.5 300 1 3.5 0 0 0 0 0 0 0 0 0 0 0 0 0
1 1 
1 
13 75 
83 
C3H6+O3-->0.5CH2O+0.5CH3CHO+0.36OH+0.3HO2+0.28CH3O2+0.56CO 0 2 1 2 2 6 0 1 0 1.00000000 -2.94200
0 0 6.50E-15 0 0 0 0 0 -1900 0 0 0 1 0 1 0 1 1 0
1 1 
0.5 0.5 0.36 0.3 0.28 0.56 
13 0 
21 22 75 76 77 12 
HOC3H6O2+NO-->NO2+CH3CHO+CH2O+HO2 0 2 1 2 2 4 0 1 0 1.00000000 -2.94200
9.00E-12 0 0 0 0 0 0 0 0 0 0 0 1 0 1 0 1 1 0
1 1 
1 1 1 1 
83 5 
6 22 21 76 
HOC3H6O2+HO2-->HOROOH+O2 0 2 1 2 2 2 0 1 0 1.00000000 -2.94200
0 0 6.50E-13 0 0 0 0 0 650 0 0 0 1 0 1 0 1 1 0
1 1 
1 1 
83 76
35 2 
HOROOH+OH-->0.1HOC2H4O2+0.05HOC3H6O2+0.2CH3COO2+0.6CH2O+0.4CO+0.85OH+H2O 0 2 1 2 2 7 0 1 0 1.00000000 -2.94200
0 0 3.80E-12 0 0 0 0 0 200 0 0 0 1 0 1 0 1 1 0
1 1 
0.1 0.05 0.2 0.6 0.4 0.85 1 
15 75 
82 83 80 21 12 75 95 
ONMV+OH-->0.5C2H5O2+0.6ISO2 0 2 1 2 2 2 0 1 0 1.00000000 -2.94200
0 0 1.55E-11 0 0 0 0 0 -540 0 0 0 1 0 1 0 1 1 0
1 1 
0.5 0.6 
17 75 
78 84 
CH3CHO+OH-->CH3COO2+H2O 0 2 1 2 2 2 0 1 0 1.00000000 -2.94200
0 0 5.60E-12 0 0 0 0 0 270 0 0 0 1 0 1 0 1 1 0
1 1 
1 1 
22 75 
80 95
CH3CHO+NO3-->CH3COO2+HNO3 0 2 1 2 2 2 0 1 0 1.00000000 -2.94200
0 0 1.40E-12 0 0 0 0 0 -1900 0 0 0 1 0 1 0 1 1 0
1 1 
1 1 
22 7 
80 9
CH3COO2+NO-->NO2+CH3O2+CO2 0 2 1 2 2 3 0 1 0 1.00000000 -2.94200
0 0 5.30E-12 0 0 0 0 0 360 0 0 0 1 0 1 0 1 1 0
1 1 
1 1 1 
80 5 
6 77 96  
CH3COO2+NO2+M-->PAN+M 0 2 1 2 2 1 0 1 1 1.00000000 -2.94200
9.70E-29 9.30E-12 0.6 300 300 5.6 1.5 0 0 0 0 0 0 0 0 0 0 0 0
1 1 
1 
80 6 
28 
PAN+M-->CH3COO2+NO2+M 0 2 1 2 1 2 0 1 1 1.00000000 -2.94200
9.00E-29 14000 0 0 0 0 0 0 0 0 0 0 0 0 0 0 0 0 0
1 
1 1 
28 
80 6 
CH3COO+HO2-->CH3COOOH+O2 0 2 1 2 2 2 0 1 0 1.00000000 -2.94200
0 0 0 3.30E2 4.50E-13 0 0 0 0 -1430 1000 0 1 1 1 0 -1 1 0
1 1 
1 1 
100 76 
36 2 
CH3COO2+HO2-->CH3COOH+O3 0 2 1 2 2 2 0 1 0 1.00000000 -2.94200
0 0 0 3.30E2 4.50E-13 0 0 0 0 -1430 1000 0 1 1 1 0 1 1 0
1 1 
1 1 
80 76 
99 0 
CH3COOOH+OH-->CH3COO2+H2O 0 2 1 2 2 2 0 1 0 1.00000000 -2.94200
6.85E-12 0 0 0 0 0 0 0 0 0 0 0 1 0 1 0 1 1 0
1 1 
1 1 
36 75 
80 95 
CH3COO2+CH3O2-->CH3O2+CH2O+HO2+CO2+O2 0 2 1 2 2 5 0 1 0 1.00000000 -2.94200
0 0 0 2.20E6 1.30E-12 0 0 0 0 -3820 640 0 1 1 1 0 -1 1 0
1 1 
1 1 1 1 1 
80 77 
77 21 76 96 2 
CH3COO2+CH3O2-->CH3COOH+CH2O+O2 0 2 1 2 2 3 0 1 0 1.00000000 -2.94200
0 0 0 2.20E6 1.30E-12 0 0 0 0 -3820 640 0 1 1 1 0 1 1 0
1 1 
1 1 1 
80 77 
99 21 2 
CH3COO2+CH3COO2-->CH3O2+CH3O2+CO2+CO2+O2 0 2 1 2 2 5 0 1 0 1.00000000 -2.94200
0 0 2.90E-12 0 0 0 0 0 500 0 0 0 1 0 1 0 1 1 0
1 1 
1 1 1 1 1 
80 80 
77 77 96 96 2 
C5H8+OH-->ISO2 0 2 1 2 2 1 0 1 0 1.00000000 -2.94200
0 0 2.45E-11 0 0 0 0 0 410 0 0 0 1 0 1 0 1 1 0
1 1 
1 
18 75 
84 
C5H8+O3-->0.65MACR+0.58CH2O+0.1MACRO2+0.1CH3COO2+0.08CH3O2+0.28HCOOH+0.14CO+0.09H2O2+0.25HO2+0.25OH 0 2 1 2 2 10 0 1 0 1.00000000 -2.94200
0 0 7.86E-15 0 0 0 0 0 -1913 0 0 0 1 0 1 0 1 1 0
1 1 
0.65 0.58 0.1 0.1 0.08 0.28 0.14 0.09 0.25 0.25
18 0 
27 21 85 80 77 101 12 11 76 75 
C5H8+NO3-->ISON 0 2 1 2 2 1 0 1 0 1.00000000 -2.94200
0 0 3.03E-12 0 0 0 0 0 -446 0 0 0 1 0 1 0 1 1 0
1 1 
1 
18 7 
30 
ISO2+NO-->0.956NO2+0.956MACR+0.956CH2O+0.956HO2+0.044ISON 0 2 1 2 2 5 0 1 0 1.00000000 -2.94200
0 0 2.54E-12 0 0 0 0 0 360 0 0 0 1 0 1 0 1 1 0
1 1 
0.956 0.956 0.956 0.956 0.044 
84 5 
6 27 21 76 30 
ISO2+HO2-->ISOOH 0 2 1 2 2 1 0 1 0 1.00000000 -2.94200
0 0 2.05E-13 0 0 0 0 0 1300 0 0 0 1 0 1 0 1 1 0
1 1 
1 
84 76 
34 
ISO2+ISO2-->MACR+MACR+CH2O+HO2 0 2 1 2 2 4 0 1 0 1.00000000 -2.94200
2.00E-12 0 0 0 0 0 0 0 0 0 0 0 1 0 1 0 1 1 0
1 1 
1 1 1 1 
84 84 
27 27 21 76 
ISOOH+OH-->MACR+OH 0 2 1 2 2 2 0 1 0 1.00000000 -2.94200
1E-10 0 0 0 0 0 0 0 0 0 0 0 1 0 0 0 0 0 0
1 1 
1 1 
34 75
27 75 
ISON+OH-->ACETOL+NALD 0 2 1 2 2 2 0 1 0 1.00000000 -2.94200
1.30E-11 0 0 0 0 0 0 0 0 0 0 0 1 0 0 0 0 0 0
1 1 
1 1 
30 75 
102 24 
MACR+OH-->MACRO2 0 2 1 2 2 1 0 1 0 1.00000000 -2.94200
0 0 4.13E-12 0 1.86E-11 0 0 0 452 0 175 0 1 0 1 0 1 0.5 0
1 1 
1 
27 75
85
MACR+O3-->0.9MGLY+0.45HCOOH+0.32HO2+0.22CO+0.19OH+0.1CH3COO2 0 2 1 2 2 6 0 1 0 1.00000000 -2.94200
0 0 1.36E-15 0 7.51E-16 0 0 0 -2112 0 -1521 0 1 0 1 0 1 0.5 0
1 1 
0.9 0.45 0.32 0.22 0.19 0.1 
27 0 
25 101 76 12 75 80 
MACRO2+NO-->NO2+0.25HACET+0.25CO+0.25CH3COO2+0.5MGLY+0.75CH2O+0.75HO2 0 2 1 2 2 7 0 1 0 1.00000000 -2.94200
0 0 2.54E-12 0 0 0 0 0 360 0 0 0 1 0 1 0 1 1 0
1 1 
1 0.25 0.25 0.25 0.5 0.75 0.75 
85 5 
6 26 12 80 25 21 76 
MACRO2+HO2-->MACROOH 0 2 1 2 2 1 0 1 0 1.00000000 -2.94200
0 0 1.82E-13 0 0 0 0 0 1300 0 0 0 1 0 1 0 1 1 0
1 1 
1 
85 76 
37 
MACRO2+MACRO2-->HACET+MGLY+0.5CH2O+0.5CO 0 2 1 2 2 4 0 1 0 1.00000000 -2.94200
2.00E-12 0 0 0 0 0 0 0 0 0 0 0 1 0 1 0 1 1 0
1 1 
1 1 0.5 0.5 
85 85
26 25 21 12 
MACRO2+NO2+M-->MPAN+M 0 2 1 2 2 1 0 1 1 1.00000000 -2.94200
9.70E-29 9.30E-12 0.6 300 300 5.6 1.5 0 0 0 0 0 0 0 0 0 0 0 0
1 1 
1 
85 6 
29 
MPAN+M-->MACRO2+NO2+M 0 2 1 2 1 2 0 1 1 1.00000000 -2.94200
9.00E-29 14000 0 0 0 0 0 0 0 0 0 0 0 0 0 0 0 0 0
1 
1 1 
29 
85 6 
MPAN+OH-->ACETOL+NO2 0 2 1 2 2 2 0 1 0 1.00000000 -2.94200
3.60E-12 0 0 0 0 0 0 0 0 0 0 0 11414 0 0 0 0 0 0
1 1 
1 1 
29 75 
102 6 
MACROOH+OH-->MACRO2+H2O 0 2 1 2 2 2 0 1 0 1.00000000 -2.94200
3.00E-11 0 0 0 0 0 0 0 0 0 0 0 1 0 1 0 1 1 0
1 1 
1 1 
37 75 
85 95 
MGLY+OH-->CH3COO2+CO 0 2 1 2 2 2 0 1 0 1.00000000 -2.94200
1.50E-11 0 0 0 0 0 0 0 0 0 0 0 1 0 1 0 1 1 0
1 1 
1 1 
25 75
80 12 
MGLY+NO3-->CH3COO2+CO+HNO3 0 2 1 2 2 3 0 1 0 1.00000000 -2.94200
0 0 1.44E-12 0 0 0 0 0 -1862 0 0 0 1 0 1 0 1 1 0
1 1 
1 1 1 
25 7 
80 12 9 
NALD+OH-->CH2O+CO+NO2 0 2 1 2 2 3 0 1 0 1.00000000 -2.94200
0 0 5.60E-12 0 0 0 0 0 270 0 0 0 1 0 1 0 1 1 0
1 1 
1 1 1 
24 75 
21 12 6 
C10H16+OH-->1.5ISO2+CH3COCH3 0 2 1 2 2 2 0 1 0 1.00000000 -2.94200
0 0 1.20E-11 0 0 0 0 0 444 0 0 0 1 0 1 0 1 1 0
1 1 
1 1 
19 75 
84 20 
C10H16+O3-->1.3MACR+1.16CH2O+0.2MACRO2+0.2CH3COO2+0.16CH3O2+0.56HCOOH+0.28CO+0.18H2O2+0.5HO2+0.5OH 0 2 1 2 2 10 0 1 0 1.00000000 -2.94200
0 0 9.90E-16 0 0 0 0 0 -730 0 0 0 1 0 1 0 1 1 0
1 1 
1.3 1.16 0.2 0.2 0.16 0.56 0.28 0.18 0.5 0.5 
19 0 
27 21 85 80 77 101 12 11 76 75 
C10H16+NO3-->1.2ISO2+NO2 0 2 1 2 2 2 0 1 0 1.00000000 -2.94200
0 0 5.60E-11 0 0 0 0 0 -650 0 0 0 1 0 1 0 1 1 0
1 1 
1 1 
19 7
84 6
